12772.3
12767.9
12747.7
12712
12660.8
12594.5
12513.4
12417.7
12307.8
12184
12046.7
11896.3
11733
11557.2
11369.2
11169.3
10958
10735.3
10501.8
10257.7
10003.3
9738.81
9464.61
9180.95
8888.16
8586.53
8276.35
7957.91
7631.52
7297.49
6956.18
6607.9
6253.03
5891.94
5525.03
5152.71
4775.42
4393.59
4007.68
3618.13
3225.43
2830.04
2432.38
2032.9
1632.07
1230.35
828.216
426.104
24.4568
-376.288
-775.666
-1173.24
-1568.57
-1961.23
-2350.78
-2736.77
-3118.75
-3496.25
-3868.85
-4236.13
-4597.63
-4952.93
-5301.63
-5643.31
-5977.59
-6304.08
-6622.45
-6932.33
-7233.37
-7525.25
-7807.66
-8080.32
-8342.98
-8595.39
-8837.3
-9068.52
-9288.84
-9498.07
-9696.04
-9882.58
-10057.6
-10220.8
-10372.2
-10511.6
-10639
-10754.1
-10857
-10947.5
-11025.6
-11091.2
-11144.2
-11184.5
-11212.3
-11227.3
-11229.6
-11219.3
-11196.2
-11160.5
-11112.2
-11051.4
-10978.2
-10892.6
-10794.8
-10685
-10563.1
-10429.5
-10284.3
-10127.8
-9960.09
-9781.47
-9592.18
-9392.48
-9182.6
-8962.83
-8733.41
-8494.61
-8246.72
-7990.01
-7724.78
-7451.28
-7169.75
-6880.46
-6583.7
-6279.77
-5968.96
-5651.62
-5328.13
-4998.92
-4664.46
-4325.22
-3981.7
-3634.38
-3283.75
-2930.28
-2574.46
-2216.82
-1857.84
-1498
-1137.8
-777.699
-418.207
-59.7903
297.064
651.888
1004.22
1353.63
1699.67
2041.94
2380.04
2713.57
3042.16
3365.44
3683.09
3994.76
4300.1
4598.8
4890.52
5174.92
5451.67
5720.42
5980.85
6232.63
6475.46
6709.04
6933.09
7147.34
7351.54
7545.45
7728.92
7901.73
8063.7
8214.69
8354.56
8483.13
8600.32
8706
8800.11
8882.53
8953.22
9012.12
9059.18
9094.38
9117.66
9129.01
9128.41
9115.86
9091.37
9054.97
9006.72
8946.68
8874.91
8791.51
8696.59
8590.27
8472.71
8344.09
8204.59
8054.45
7893.88
7723.15
7542.53
7352.3
7152.78
6944.29
6727.15
6501.72
6268.33
6027.35
5779.17
5524.17
5262.72
4995.2
4722.03
4443.58
4160.23
3872.35
3580.32
3284.5
2985.24
2682.91
2377.89
2070.54
1761.24
1450.38
1138.33
825.45
512.112
198.693
-114.417
-426.829
-738.143
-1047.99
-1355.96
-1661.67
-1964.72
-2264.7
-2561.23
-2853.9
-3142.29
-3425.99
-3704.58
-3977.64
-4244.77
-4505.59
-4759.73
-5006.87
-5246.68
-5478.89
-5703.18
-5919.28
-6126.9
-6325.78
-6515.68
-6696.34
-6867.54
-7029.06
-7180.75
-7322.43
-7453.97
-7575.26
-7686.16
-7786.6
-7876.51
-7955.81
-8024.44
-8082.33
-8129.42
-8165.64
-8190.94
-8205.26
-8208.54
-8200.76
-8181.89
-8151.93
-8110.92
-8058.86
-7995.79
-7921.76
-7836.86
-7741.15
-7634.74
-7517.73
-7390.27
-7252.47
-7104.5
-6946.5
-6778.69
-6601.27
-6414.49
-6218.59
-6013.84
-5800.51
-5578.94
-5349.43
-5112.32
-4867.96
-4616.67
-4358.81
-4094.75
-3824.87
-3549.58
-3269.24
-2984.22
-2694.93
-2401.79
-2105.2
-1805.56
-1503.25
-1198.66
-892.195
-584.217
-275.121
34.7297
344.971
655.247
965.206
1274.48
1582.71
1889.52
2194.57
2497.46
2797.82
3095.26
3389.39
3679.8
3966.08
4247.81
4524.59
4796.02
5061.69
5321.18
5574.05
5819.94
6058.47
6289.24
6511.89
6726.04
6931.35
7127.49
7314.19
7491.15
7658.11
7814.82
7961.06
8096.63
8221.32
8334.98
8437.44
8528.57
8608.28
8676.51
8733.18
8778.19
8811.48
8832.99
8842.71
8840.62
8826.7
8800.99
8763.48
8714.23
8653.24
8580.58
8496.29
8400.42
8293.05
8174.28
8044.23
7903.03
7750.84
7587.86
7414.3
7230.36
7036.27
6832.24
6618.52
6395.35
6162.97
5921.65
5671.63
5413.19
5146.61
4872.18
4590.22
4301.05
4005.02
3702.5
3393.87
3079.49
2759.73
2434.96
2105.55
1771.88
1434.36
1093.36
749.269
402.554
53.6798
-296.846
-648.502
-1000.73
-1352.99
-1704.74
-2055.43
-2404.56
-2751.59
-3096.03
-3437.41
-3775.32
-4109.31
-4438.99
-4763.98
-5083.92
-5398.45
-5707.22
-6009.94
-6306.26
-6595.88
-6878.49
-7153.79
-7421.48
-7681.25
-7932.81
-8175.86
-8410.13
-8635.34
-8851.23
-9057.53
-9253.97
-9440.27
-9616.19
-9781.47
-9935.89
-10079.3
-10211.4
-10332.1
-10441.1
-10538.5
-10624
-10697.6
-10759.1
-10808.5
-10845.6
-10870.5
-10883
-10883.3
-10871.1
-10846.5
-10809.5
-10760
-10698.2
-10623.9
-10537.1
-10438
-10326.6
-10202.9
-10067
-9919.01
-9759.05
-9587.2
-9403.6
-9208.41
-9001.79
-8783.9
-8554.94
-8315.13
-8064.72
-7803.96
-7533.15
-7252.55
-6962.5
-6663.34
-6355.43
-6039.14
-5714.84
-5382.91
-5043.76
-4697.76
-4345.28
-3986.71
-3622.45
-3252.88
-2878.46
-2499.57
-2116.6
-1729.94
-1340
-947.199
-551.971
-154.76
243.983
643.782
1044.17
1444.67
1844.77
2243.98
2641.82
3037.79
3431.41
3822.21
4209.72
4593.51
4973.12
5348.16
5718.18
6082.79
6441.61
6794.24
7140.31
7479.43
7811.21
8135.29
8451.34
8759.03
9058.06
9348.17
9629.07
9900.51
10162.2
10414
10655.3
10886
11105.6
11313.7
11509.8
11693.5
11864.4
12021.9
12165.7
12295.3
12410.4
12510.7
12596
12666
12720.6
12759.8
12783.6
12792
12785.1
12763.1
12726.2
12674.5
12608.2
12527.7
12433.3
12325.1
12203.5
12068.9
11921.3
11761.3
11589.1
11405
11209.3
11002.1
10783.8
10554.6
10314.7
10064.4
9803.87
9533.42
9253.3
8963.77
8665.11
8357.63
8041.65
7717.49
7385.51
7046.06
6699.54
6346.34
5986.87
5621.55
5250.79
4875.03
4494.68
4110.19
3721.99
3330.53
2936.25
2539.6
2141.03
1740.99
1339.93
938.289
536.519
135.067
-265.619
-665.092
-1062.9
-1458.59
-1851.72
-2241.84
-2628.49
-3011.21
-3389.54
-3763.03
-4131.24
-4493.73
-4850.1
-5199.94
-5542.85
-5878.46
-6206.39
-6526.29
-6837.8
-7140.61
-7434.41
-7718.89
-7993.79
-8258.84
-8513.8
-8758.47
-8992.63
-9216.05
-9428.53
-9629.86
-9819.84
-9998.32
-10165.1
-10320.1
-10463.2
-10594.2
-10712.9
-10819.4
-10913.5
-10995
-11064
-11120.4
-11164.1
-11195.1
-11213.5
-11219.2
-11212.3
-11192.7
-11160.5
-11115.7
-11058.3
-10988.6
-10906.4
-10812.1
-10705.8
-10587.6
-10457.9
-10316.9
-10164.7
-10001.5
-9827.78
-9643.53
-9449
-9244.39
-9029.9
-8805.72
-8572.07
-8329.14
-8077.17
-7816.42
-7547.16
-7269.69
-6984.33
-6691.43
-6391.34
-6084.44
-5771.15
-5451.85
-5126.99
-4797.03
-4462.41
-4123.59
-3781.03
-3435.21
-3086.63
-2735.77
-2383.14
-2029.25
-1674.6
-1319.67
-964.93
-610.845
-257.865
93.6031
443.141
790.341
1134.82
1476.19
1814.08
2148.09
2477.87
2803.03
3123.24
3438.12
3747.29
4050.4
4347.09
4637.01
4919.81
5195.15
5462.72
5722.16
5973.19
6215.48
6448.77
6672.79
6887.28
7092.01
7286.8
7471.44
7645.74
7809.54
7962.67
8105.01
8236.45
8356.87
8466.18
8564.29
8651.14
8726.64
8790.72
8843.33
8884.38
8913.82
8931.58
8937.63
8931.97
8914.58
8885.49
8844.72
8792.34
8728.41
8653
8566.24
8468.25
8359.2
8239.25
8108.62
7967.56
7816.27
7655.03
7484.1
7303.76
7114.33
6916.11
6709.42
6494.63
6272.05
6042.03
5804.94
5561.12
5310.92
5054.66
4792.71
4525.42
4253.16
3976.32
3695.3
3410.47
3122.19
2830.82
2536.73
2240.28
1941.83
1641.68
1340.22
1037.76
734.666
431.303
128.069
-174.639
-476.438
-776.903
-1075.64
-1372.22
-1666.24
-1957.3
-2245.03
-2529.03
-2808.92
-3084.3
-3354.79
-3620.02
-3879.6
-4133.17
-4380.37
-4620.83
-4854.22
-5080.21
-5298.51
-5508.84
-5710.96
-5904.63
-6089.62
-6265.77
-6432.91
-6590.9
-6739.59
-6878.82
-7008.45
-7128.35
-7238.39
-7338.44
-7428.39
-7508.11
-7577.52
-7636.52
-7685.05
-7723.03
-7750.4
-7767.13
-7773.21
-7768.61
-7753.32
-7727.34
-7690.65
-7643.27
-7585.24
-7516.62
-7437.46
-7347.84
-7247.87
-7137.67
-7017.37
-6887.14
-6747.16
-6597.62
-6438.72
-6270.69
-6093.72
-5908.08
-5714.02
-5511.82
-5301.78
-5084.21
-4859.42
-4627.71
-4389.44
-4144.96
-3894.66
-3638.89
-3378.06
-3112.54
-2842.72
-2568.97
-2291.66
-2011.17
-1727.81
-1441.96
-1153.95
-864.148
-572.887
-280.516
12.6412
306.231
599.909
893.337
1186.16
1477.99
1768.47
2057.2
2343.8
2627.85
2909
3186.84
3460.97
3730.97
3996.45
4256.96
4512.11
4761.49
5004.71
5241.38
5471.15
5693.65
5908.54
6115.52
6314.27
6504.51
6685.94
6858.29
7021.31
7174.77
7318.46
7452.16
7575.69
7688.89
7791.61
7883.72
7965.11
8035.64
8095.25
8143.83
8181.32
8207.65
8222.75
8226.55
8219.04
8200.16
8169.9
8128.28
8075.31
8011.07
7935.62
7849.04
7751.43
7642.92
7523.62
7393.66
7253.14
7102.2
6940.98
6769.64
6588.35
6397.3
6196.74
5986.91
5768.09
5540.55
5304.6
5060.5
4808.58
4549.13
4282.46
4008.87
3728.65
3442.09
3149.49
2851.2
2547.53
2238.87
1925.57
1608.04
1286.71
962.002
634.421
304.443
-27.4415
-360.717
-694.873
-1029.43
-1363.88
-1697.77
-2030.61
-2361.95
-2691.33
-3018.29
-3342.41
-3663.27
-3980.47
-4293.65
-4602.43
-4906.48
-5205.47
-5499.06
-5786.95
-6068.81
-6344.31
-6613.14
-6874.98
-7129.52
-7376.45
-7615.48
-7846.29
-8068.56
-8281.99
-8486.26
-8681.08
-8866.2
-9041.35
-9206.31
-9360.83
-9504.71
-9637.77
-9759.83
-9870.77
-9970.46
-10058.8
-10135.6
-10200.8
-10254.4
-10296.3
-10326.3
-10344.5
-10350.8
-10345
-10327.3
-10297.6
-10256
-10202.3
-10136.6
-10059
-9969.38
-9867.86
-9754.45
-9629.21
-9492.22
-9343.54
-9183.27
-9011.54
-8828.46
-8634.21
-8428.92
-8212.81
-7986.07
-7748.95
-7501.73
-7244.68
-6978.11
-6702.32
-6417.64
-6124.42
-5823
-5513.74
-5196.98
-4873.08
-4542.41
-4205.3
-3862.14
-3513.28
-3159.05
-2799.83
-2435.96
-2067.82
-1695.8
-1320.31
-941.782
-560.709
-177.539
207.245
593.175
979.766
1366.57
1753.14
2139.01
2523.78
2906.97
3288.15
3666.88
4042.69
4415.12
4783.66
5147.87
5507.27
5861.45
6209.99
6552.5
6888.62
7218.04
7540.45
7855.59
8163.17
8462.97
8754.7
9038.09
9312.89
9578.78
9835.42
10082.4
10319.4
10545.9
10761.5
10965.8
11158.2
11338.2
11505.6
11659.9
11800.6
11927.5
12040.3
12138.6
12222.3
12291.2
12345.1
12384.1
12408
12417
12411.1
12390.4
12355.1
12305.5
12241.7
12163.9
12072.5
11967.8
11849.9
11719.3
11576.1
11420.6
11253.1
11073.9
10883.1
10681.1
10468
10244.1
10009.7
9764.84
9509.96
9245.27
8971.03
8687.54
8395.09
8094.02
7784.66
7467.3
7142.31
6810.04
6470.87
6125.2
5773.42
5415.94
5053.19
4685.59
4313.56
3937.51
3557.88
3175.1
2789.56
2401.73
2012.02
1620.86
1228.7
835.997
443.189
50.7053
-341.012
-731.518
-1120.36
-1507.08
-1891.22
-2272.32
-2649.9
-3023.52
-3392.72
-3757.04
-4116.08
-4469.41
-4816.63
-5157.35
-5491.19
-5817.77
-6136.71
-6447.69
-6750.4
-7044.54
-7329.84
-7606.03
-7872.85
-8130.04
-8377.37
-8614.6
-8841.52
-9057.87
-9263.45
-9458.05
-9641.46
-9813.52
-9974.08
-10123
-10260.2
-10385.6
-10499.1
-10600.6
-10690
-10767.3
-10832.2
-10884.9
-10925.2
-10953
-10968.3
-10971
-10961.3
-10939.1
-10904.4
-10857.4
-10798.2
-10726.9
-10643.7
-10548.7
-10442.1
-10324.1
-10194.9
-10054.7
-9903.54
-9741.72
-9569.36
-9386.67
-9193.83
-8991.01
-8778.45
-8556.34
-8324.94
-8084.48
-7835.25
-7577.49
-7311.5
-7037.55
-6755.97
-6467.08
-6171.23
-5868.8
-5560.16
-5245.74
-4925.95
-4601.24
-4272.1
-3939
-3602.44
-3262.89
-2920.84
-2576.8
-2231.21
-1884.55
-1537.29
-1189.89
-842.803
-496.459
-151.278
192.345
534
873.311
1209.9
1543.34
1873.26
2199.29
2521.04
2838.14
3150.24
3456.96
3757.95
4052.87
4341.34
4623.01
4897.55
5164.57
5423.74
5674.69
5917.14
6150.79
6375.33
6590.53
6796.14
6991.92
7177.69
7353.24
7518.42
7673.11
7817.18
7950.52
8073.05
8184.67
8285.29
8374.83
8453.2
8520.33
8576.14
8620.55
8653.51
8674.99
8684.99
8683.46
8670.44
8645.91
8609.88
8562.42
8503.56
8433.4
8352.03
8259.57
8156.19
8042.07
7917.4
7782.42
7637.38
7482.52
7318.1
7144.39
6961.67
6770.2
6570.26
6362.16
6146.21
5922.75
5692.11
5454.65
5210.76
4960.78
4705.1
4444.09
4178.11
3907.54
3632.75
3354.09
3071.92
2786.56
2498.4
2207.76
1915.03
1620.59
1324.79
1028.02
730.679
433.128
135.755
-161.072
-456.953
-751.506
-1044.37
-1335.17
-1623.55
-1909.11
-2191.44
-2470.17
-2744.86
-3015.13
-3280.56
-3540.74
-3795.3
-4043.85
-4286.02
-4521.46
-4749.85
-4970.91
-5184.39
-5390.04
-5587.61
-5776.89
-5957.67
-6129.79
-6293.01
-6447.2
-6592.15
-6727.72
-6853.76
-6970.18
-7076.84
-7173.64
-7260.45
-7337.21
-7403.77
-7460.09
-7506.08
-7541.69
-7566.85
-7581.51
-7585.63
-7579.16
-7562.07
-7534.34
-7495.97
-7447
-7387.48
-7317.44
-7236.98
-7146.21
-7045.21
-6934.1
-6813
-6682.1
-6541.54
-6391.49
-6232.15
-6063.72
-5886.41
-5700.49
-5506.21
-5303.84
-5093.68
-4876.05
-4651.28
-4419.72
-4181.78
-3937.81
-3688.21
-3433.35
-3173.61
-2909.39
-2641.06
-2368.99
-2093.52
-1815.06
-1533.92
-1250.46
-965.057
-678.015
-389.682
-100.368
189.568
479.805
770.019
1059.87
1349.03
1637.15
1923.88
2208.81
2491.6
2771.83
3049.12
3323.06
3593.25
3859.26
4120.69
4377.12
4628.16
4873.45
5112.58
5345.17
5570.88
5789.33
6000.17
6203.07
6397.7
6583.75
6760.95
6929.02
7087.71
7236.81
7376.14
7505.5
7624.74
7733.67
7832.17
7920.06
7997.19
8063.43
8118.63
8162.67
8195.46
8216.93
8227.04
8225.76
8213.1
8189.07
8153.71
8107.06
8049.15
7980
7899.69
7808.27
7705.8
7592.39
7468.1
7333.06
7187.37
7031.19
6864.72
6688.13
6501.67
6305.57
6100.11
5885.53
5662.11
5430.1
5189.79
4941.44
4685.31
4421.66
4150.81
3873.05
3588.7
3298.08
3001.52
2699.36
2391.97
2079.75
1763.11
1442.46
1118.21
790.818
460.741
128.405
-205.698
-541.084
-877.24
-1213.68
-1549.93
-1885.47
-2219.81
-2552.5
-2883.09
-3211.15
-3536.25
-3857.97
-4175.94
-4489.79
-4799.13
-5103.66
-5403.02
-5696.91
-5985.03
-6267.06
-6542.67
-6811.57
-7073.41
-7327.86
-7574.6
-7813.29
-8043.61
-8265.24
-8477.89
-8681.24
-8875.05
-9059.05
-9232.99
-9396.67
-9549.83
-9692.27
-9823.79
-9944.23
-10053.5
-10151.4
-10237.8
-10312.6
-10375.8
-10427.2
-10466.8
-10494.5
-10510.3
-10514.1
-10505.9
-10485.7
-10453.5
-10409.2
-10352.9
-10284.6
-10204.2
-10111.9
-10007.5
-9891.23
-9763.03
-9623.01
-9471.22
-9307.75
-9132.73
-8946.25
-8748.48
-8539.55
-8319.67
-8089.1
-7848.05
-7596.85
-7335.79
-7065.22
-6785.47
-6496.86
-6199.76
-5894.46
-5581.3
-5260.57
-4932.61
-4597.68
-4256.14
-3908.35
-3554.64
-3195.42
-2831.07
-2462
-2088.61
-1711.34
-1330.58
-946.78
-560.365
-171.745
218.632
610.356
1002.96
1396.01
1789.07
2181.64
2573.25
2963.42
3351.64
3737.36
4120.08
4499.28
4874.46
5245.14
5610.89
5971.29
6325.97
6674.55
7016.72
7352.18
7680.65
8001.86
8315.51
8621.32
8919.01
9208.26
9488.74
9760.14
10022.1
10274.2
10516.2
10747.5
10967.9
11176.7
11373.8
11558.5
11730.5
11889.4
12034.9
12166.6
12284.2
12387.5
12476.1
12550
12608.9
12652.8
12681.7
12695.6
12694.5
12678.6
12648
12602.9
12543.6
12470.2
12383
12282.1
12167.9
12040.5
11900.3
11747.4
11582.1
11404.8
11215.5
11014.6
10802.3
10578.8
10344.4
10099.4
9843.92
9578.33
9302.91
9017.92
8723.69
8420.51
8108.71
7788.61
7460.56
7124.91
6782.05
6432.38
6076.29
5714.21
5346.55
4973.72
4596.15
4214.28
3828.53
3439.33
3047.09
2652.27
2255.26
1856.52
1456.47
1055.57
654.252
252.941
-147.905
-547.875
-946.521
-1343.39
-1738.04
-2129.97
-2518.72
-2903.81
-3284.75
-3661.1
-4032.42
-4398.28
-4758.28
-5112.04
-5459.19
-5799.43
-6132.37
-6457.72
-6775.15
-7084.31
-7384.9
-7676.59
-7959.08
-8232.1
-8495.34
-8748.54
-8991.45
-9223.82
-9445.45
-9656.14
-9855.72
-10044
-10220.9
-10386.3
-10539.9
-10681.6
-10811.3
-10928.9
-11034.2
-11127.1
-11207.5
-11275.2
-11330.2
-11372.5
-11401.9
-11418.6
-11422.5
-11413.8
-11392.5
-11358.6
-11312.3
-11253.8
-11183
-11100.3
-11005.7
-10899.3
-10781.3
-10652
-10511.5
-10360
-10197.6
-10024.6
-9841.22
-9647.53
-9443.79
-9230.18
-9006.91
-8774.21
-8532.28
-8281.37
-8021.72
-7753.57
-7477.21
-7192.94
-6901.07
-6601.99
-6296.06
-5983.68
-5665.29
-5341.3
-5012.22
-4678.43
-4340.41
-3998.64
-3653.52
-3305.55
-2955.18
-2602.86
-2249.09
-1894.3
-1538.93
-1183.42
-828.177
-473.639
-120.2
231.694
581.679
929.335
1274.31
1616.23
1954.67
2289.32
2619.8
2945.73
3266.76
3582.48
3892.5
4196.43
4493.87
4784.41
5067.67
5343.26
5610.84
5870.07
6120.64
6362.29
6594.74
6817.8
7031.2
7234.72
7428.22
7611.51
7784.42
7946.86
8098.64
8239.71
8369.96
8489.26
8597.56
8694.77
8780.78
8855.49
8918.81
8970.67
9010.97
9039.69
9056.76
9062.16
9055.9
9038
9008.48
8967.46
8914.97
8851.13
8776.06
8689.88
8592.71
8484.72
8366.07
8236.92
8097.46
7947.91
7788.53
7619.52
7441.18
7253.8
7057.69
6853.14
6640.46
6420.02
6192.08
5957
5715.12
5466.76
5212.3
4952.06
4686.43
4415.72
4140.33
3860.65
3577.03
3289.91
2999.68
2706.71
2411.36
2114
1814.96
1514.59
1213.27
911.315
609.119
307.013
5.42471
-295.274
-594.667
-892.361
-1187.96
-1481.01
-1771.14
-2057.93
-2340.95
-2619.85
-2894.21
-3163.66
-3427.83
-3686.41
-3939.05
-4185.46
-4425.34
-4658.38
-4884.29
-5102.83
-5313.74
-5516.8
-5711.82
-5898.58
-6076.93
-6246.63
-6407.59
-6559.55
-6702.42
-6836.01
-6960.16
-7074.73
-7179.55
-7274.49
-7359.43
-7434.22
-7498.77
-7552.94
-7596.66
-7629.82
-7652.37
-7664.34
-7665.65
-7656.31
-7636.34
-7605.79
-7564.66
-7513.02
-7450.93
-7378.43
-7295.61
-7202.5
-7099.22
-6985.89
-6862.62
-6729.6
-6586.96
-6434.95
-6273.76
-6103.65
-5924.9
-5737.78
-5542.58
-5339.61
-5129.21
-4911.65
-4687.32
-4456.57
-4219.74
-3977.18
-3729.31
-3476.46
-3218.99
-2957.25
-2691.58
-2422.33
-2149.79
-1874.28
-1596.12
-1315.62
-1033.1
-748.823
-463.152
-176.391
111.063
398.91
686.793
974.339
1261.19
1546.97
1831.3
2113.8
2394.1
2671.78
2946.43
3217.63
3484.94
3747.91
4006.13
4259.22
4506.82
4748.55
4984.04
5213.01
5435.12
5650.12
5857.7
6057.63
6249.61
6433.38
6608.71
6775.3
6932.92
7081.31
7220.24
7349.47
7468.79
7578.04
7677.04
7765.68
7843.79
7911.3
7968.1
8014.09
8049.18
8073.32
8086.47
8088.52
8079.43
8059.17
8027.68
7984.98
7931.06
7866
7789.83
7702.65
7604.54
7495.64
7376.06
7245.96
7105.49
6954.8
6794.07
6623.46
6443.16
6253.39
6054.37
5846.31
5629.48
5404.07
5170.38
4928.6
4679.06
4422.05
4157.84
3886.76
3609.17
3325.4
3035.79
2740.71
2440.53
2135.65
1826.45
1513.39
1196.84
877.33
555.322
231.284
-94.3094
-420.99
-748.279
-1075.77
-1403.02
-1729.59
-2055.11
-2379.15
-2701.41
-3021.45
-3339.01
-3653.67
-3965.14
-4273.06
-4577.08
-4876.86
-5172.04
-5462.28
-5747.18
-6026.43
-6299.64
-6566.48
-6826.63
-7079.73
-7325.49
-7563.55
-7793.61
-8015.38
-8228.56
-8432.86
-8628
-8813.75
-8989.87
-9156.16
-9312.4
-9458.44
-9594.06
-9719.13
-9833.53
-9937.06
-10029.6
-10111.1
-10181.4
-10240.4
-10288.2
-10324.5
-10349.3
-10362.8
-10364.6
-10354.9
-10333.4
-10300.3
-10255.2
-10198.3
-10129.3
-10048.4
-9955.49
-9850.54
-9733.67
-9604.97
-9464.53
-9312.5
-9149.06
-8974.35
-8788.59
-8591.96
-8384.69
-8166.95
-7939
-7701.04
-7453.28
-7195.96
-6929.34
-6653.64
-6369.15
-6076.16
-5774.95
-5465.87
-5149.19
-4825.27
-4494.44
-4157.01
-3813.32
-3463.67
-3108.42
-2747.88
-2382.39
-2012.3
-1638
-1259.89
-878.431
-494.062
-107.308
281.346
671.366
1062.26
1453.44
1844.4
2234.65
2623.64
3010.92
3396.02
3778.48
4157.89
4533.86
4906.04
5274.08
5637.66
5996.43
6350.04
6698.15
7040.42
7376.49
7706.02
8028.66
8344.08
8651.88
8951.69
9243.09
9525.63
9798.85
10062.3
10315.5
10557.9
10789.2
11008.9
11216.5
11411.6
11593.9
11763.1
11918.7
12060.6
12188.6
12302.5
12402.1
12487.4
12558.4
12615
12657.3
12685.3
12699.1
12698.8
12684.5
12656.4
12614.4
12558.8
12489.7
12407.4
12311.8
12203.4
12082.2
11948.3
11802.2
11643.7
11473.3
11290.9
11096.9
10891.5
10674.8
10447.1
10208.7
9959.76
9700.61
9431.5
9152.71
8864.53
8567.31
8261.36
7947.02
7624.69
7294.72
6957.54
6613.52
6263.05
5906.52
5544.3
5176.77
4804.29
4427.21
4045.87
3660.68
3272.02
2880.3
2485.92
2089.34
1690.99
1291.35
890.866
490.042
89.2938
-310.89
-710.056
-1107.77
-1503.62
-1897.18
-2288
-2675.68
-3059.81
-3440.03
-3815.91
-4187.06
-4553.11
-4913.64
-5268.25
-5616.57
-5958.23
-6292.93
-6620.31
-6940.04
-7251.87
-7555.52
-7850.73
-8137.27
-8414.84
-8683.17
-8942.01
-9191.08
-9430.1
-9658.84
-9877.05
-10084.5
-10280.9
-10466.1
-10640
-10802.2
-10952.6
-11091
-11217.4
-11331.5
-11433.4
-11523
-11600.1
-11664.7
-11716.9
-11756.6
-11783.6
-11798.3
-11800.4
-11790.2
-11767.7
-11733.1
-11686.3
-11627.6
-11556.9
-11474.6
-11380.5
-11274.9
-11157.9
-11029.4
-10889.8
-10739
-10577.2
-10404.4
-10221
-10026.9
-9822.47
-9607.81
-9383.16
-9148.78
-8904.92
-8651.89
-8390.01
-8119.61
-7841.02
-7554.59
-7260.67
-6959.63
-6651.84
-6337.72
-6017.66
-5692.13
-5361.52
-5026.31
-4686.96
-4343.87
-3997.49
-3648.23
-3296.43
-2942.51
-2586.8
-2229.67
-1871.49
-1512.6
-1153.42
-794.309
-435.737
-78.0803
278.208
632.681
984.962
1334.54
1681.01
2023.87
2362.69
2697
3026.37
3350.36
3668.5
3980.5
4285.9
4584.41
4875.64
5159.33
5435.24
5703.12
5962.8
6213.97
6456.46
6690.09
6914.64
7129.92
7335.75
7531.96
7718.4
7894.86
8061.21
8217.32
8363.01
8498.15
8622.64
8736.34
8839.15
8930.96
9011.7
9081.3
9139.66
9186.67
9222.33
9246.57
9259.3
9260.57
9250.41
9228.82
9195.85
9151.62
9096.25
9029.82
8952.43
8864.22
8765.36
8655.96
8536.26
8406.4
8266.61
8117.13
7958.21
7790.09
7613.07
7427.42
7233.48
7031.62
6822.12
6605.37
6381.69
6151.38
5914.81
5672.26
5424.06
5170.5
4911.89
4648.57
4380.87
4109.14
3833.72
3554.98
3273.28
2989
2702.49
2414.11
2124.27
1833.37
1541.77
1249.92
958.217
667.076
376.927
88.1637
-198.831
-483.666
-765.992
-1045.47
-1321.69
-1594.38
-1863.19
-2127.83
-2388.04
-2643.52
-2894
-3139.28
-3379.1
-3613.22
-3841.43
-4063.53
-4279.2
-4488.23
-4690.36
-4885.32
-5072.83
-5252.59
-5424.38
-5587.97
-5743.16
-5889.74
-6027.53
-6156.41
-6276.22
-6386.79
-6488
-6579.72
-6661.82
-6734.23
-6796.78
-6849.43
-6892.1
-6924.71
-6947.25
-6959.64
-6961.9
-6953.99
-6935.95
-6907.79
-6869.52
-6821.25
-6762.94
-6694.77
-6616.75
-6529.09
-6431.94
-6325.5
-6209.99
-6085.67
-5952.83
-5811.75
-5662.62
-5505.79
-5341.52
-5170.11
-4991.91
-4807.17
-4616.19
-4419.29
-4216.68
-4008.72
-3795.7
-3577.91
-3355.61
-3129.03
-2898.47
-2664.04
-2426.13
-2184.9
-1940.61
-1693.56
-1444.02
-1192.31
-938.791
-683.837
-427.832
-171.207
85.6891
342.415
598.655
853.931
1107.89
1360.15
1610.36
1858.17
2103.15
2345.04
2583.45
2818.06
3048.46
3274.3
3495.26
3710.91
3920.9
4124.87
4322.47
4513.41
4697.45
4874.26
5043.62
5205.3
5359.04
5504.59
5641.83
5770.37
5890.1
6000.85
6102.38
6194.6
6277.34
6350.41
6413.76
6467.27
6510.82
6544.32
6567.77
6581.12
6584.38
6577.57
6560.7
6533.79
6496.83
6449.89
6393.06
6326.29
6249.77
6163.48
6067.6
5962.19
5847.43
5723.5
5590.56
5448.76
5298.36
5139.51
4972.41
4797.3
4614.44
4423.99
4226.2
4021.31
3809.56
3591.24
3366.68
3136.19
2900.07
2658.69
2412.44
2161.65
1906.77
1648.22
1386.32
1121.53
854.232
584.685
313.309
40.4197
-233.632
-508.463
-783.737
-1059.16
-1334.39
-1609.07
-1882.93
-2155.7
-2427.02
-2696.58
-2964.1
-3229.25
-3491.64
-3751.01
-4007.04
-4259.37
-4507.65
-4751.66
-4991.13
-5225.75
-5455.31
-5679.54
-5898.23
-6111.06
-6317.79
-6518.14
-6711.81
-6898.55
-7078.02
-7250
-7414.31
-7570.63
-7718.89
-7858.96
-7990.67
-8113.98
-8228.67
-8334.75
-8431.97
-8520.2
-8599.28
-8669.07
-8729.29
-8779.87
-8820.54
-8851.16
-8871.56
-8881.55
-8881.08
-8870.06
-8848.31
-8815.9
-8772.72
-8718.78
-8654.14
-8578.81
-8492.86
-8396.27
-8289.06
-8171.3
-8042.97
-7904.17
-7754.94
-7595.44
-7425.84
-7246.25
-7056.92
-6857.9
-6649.42
-6431.68
-6204.85
-5969.12
-5724.67
-5471.72
-5210.4
-4940.9
-4663.4
-4378.06
-4085.08
-3784.59
-3476.85
-3162.3
-2841.16
-2513.88
-2180.79
-1842.45
-1499.33
-1151.96
-800.796
-446.373
-89.2257
270.135
631.238
993.475
1356.37
1719.45
2082.17
2444.08
2804.73
3163.68
3520.61
3875.03
4226.65
4575.1
4920.01
5261.14
5598.09
5930.62
6258.3
6580.86
6897.96
7209.23
7514.29
7812.76
8104.16
8388.04
8663.96
8931.42
9189.96
9439.07
9678.42
9907.57
10126.2
10333.9
10530.4
10715.6
10889
11050.5
11199.8
11336.7
11461.2
11573
11672.1
11758.3
11831.6
11891.9
11939.3
11973.7
11995.1
12003.5
11999
11981.6
11951.5
11908.9
11853.8
11786.5
11707.1
11615.8
11512.8
11398.2
11272.1
11134.8
10986.4
10827
10656.8
10475.9
10284.5
10082.8
9871.03
9649.45
9418.33
9177.85
8928.26
8669.82
8402.81
8127.48
7844.02
7552.74
7253.91
6947.87
6634.9
6315.28
5989.28
5657.14
5319.23
4975.89
4627.52
4274.45
3917.23
3556.24
3191.91
2824.53
2454.57
2082.21
1707.96
1332.11
955.066
577.229
198.961
-179.187
-556.937
-933.886
-1309.62
-1683.77
-2056.01
-2425.93
-2793.17
-3157.44
-3518.37
-3875.64
-4228.93
-4578.02
-4922.49
-5262.15
-5596.68
-5925.83
-6249.31
-6566.8
-6877.99
-7182.58
-7480.25
-7770.67
-8053.67
-8328.87
-8596.06
-8854.98
-9105.32
-9346.78
-9579.07
-9801.88
-10014.9
-10217.9
-10410.6
-10592.8
-10764.4
-10925.2
-11075.1
-11213.8
-11341.4
-11457.8
-11563
-11656.9
-11739.6
-11811.2
-11871.6
-11921
-11959.6
-11987.4
-12004.5
-12011
-12006.8
-11992.1
-11966.8
-11931.2
-11885.3
-11829
-11762.8
-11686.5
-11600.2
-11504.1
-11398.1
-11282.3
-11156.6
-11021
-10875.5
-10720.1
-10555
-10380.2
-10195.8
-10002.2
-9799.22
-9587.25
-9366.55
-9137.23
-8899.57
-8653.79
-8400.21
-8138.97
-7870.48
-7594.89
-7312.45
-7023.47
-6728.14
-6426.95
-6119.96
-5807.53
-5489.82
-5167.19
-4839.99
-4508.5
-4173.31
-3834.69
-3493.27
-3149.55
-2804.03
-2457.14
-2109.45
-1761.27
-1413.2
-1065.69
-719.292
-374.28
-31.1936
309.624
647.918
983.277
1315.57
1644.46
1969.78
2291.01
2608.17
2920.78
3228.68
3531.66
3829.29
4121.54
4408.3
4689.6
4965.2
5235.06
5499.13
5757.46
6009.51
6255.55
6495.28
6728.63
6955.29
7175.29
7388.27
7593.94
7792.21
7982.73
8165.33
8339.62
8505.4
8662.46
8810.71
8949.71
9079.54
9199.76
9310.17
9410.71
9501.09
9581.25
9651.22
9710.85
9760.14
9799.27
9828.29
9847.16
9856.1
9855.32
9844.84
9824.7
9795.22
9756.46
9708.65
9651.82
9586.28
9512.24
9429.95
9339.56
9241.09
9134.58
9020.34
8898.21
8768.51
8631.2
8486.55
8334.78
8175.86
8010.4
7838.31
7659.78
7474.79
7283.71
7086.52
6883.45
6674.95
6461.15
6242.12
6018.32
5790.08
5557.39
5320.68
5079.94
4835.43
4587.14
4335.34
4079.96
3821.16
3559.08
3293.82
3025.66
2755.07
2482.14
2207.4
1931.16
1653.53
1375.1
1096.11
817.09
538.274
260.033
-17.0726
-292.827
-566.896
-838.367
-1107.21
-1372.98
-1635.53
-1894.6
-2149.89
-2401.05
-2647.95
-2890.3
-3127.89
-3360.58
-3587.96
-3809.65
-4025.61
-4235.07
-4438.19
-4634.31
-4823.19
-5004.55
-5178.1
-5343.95
-5501.67
-5651.28
-5792.93
-5926.19
-6051.06
-6167.34
-6275.07
-6374.16
-6464.7
-6546.8
-6620.72
-6686.57
-6744.83
-6795.62
-6839.33
-6875.92
-6905.63
-6928.18
-6943.83
-6952.33
-6953.54
-6947.84
-6934.11
-6912.89
-6883.61
-6846.13
-6800.62
-6747.22
-6685.8
-6616.82
-6540.19
-6456.62
-6365.82
-6268.18
-6164.04
-6052.98
-5935.26
-5810.54
-5678.75
-5539.92
-5394.41
-5242.18
-5083.88
-4919.22
-4749.47
-4574.37
-4395.1
-4211.12
-4023.69
-3832.77
-3639.32
-3443.83
-3246.45
-3048.08
-2848.53
-2648.93
-2449.13
-2249.69
-2051.46
-1854.56
-1659.53
-1467.15
-1278.21
-1093.47
-913.46
-739.023
-569.84
-407.183
-250.125
-99.8903
43.3911
180.646
311.364
435.596
553.275
663.594
767.359
863.811
951.559
1031.66
1103.13
1166.25
1220.47
1266.2
1302.93
1331.68
1354.29
1367.56
1375.62
1376.11
1369.32
1355.04
1333.44
1305.14
1266.97
1220.61
1163.73
1097.46
1024.48
941.428
848.214
744.274
632.17
514.097
385.145
240.959
90.7558
-69.4194
-244.536
-434.328