3.58446e+007
3.583e+007
3.57711e+007
3.56682e+007
3.55218e+007
3.53325e+007
3.51013e+007
3.48288e+007
3.45163e+007
3.41645e+007
3.37747e+007
3.33477e+007
3.28844e+007
3.23857e+007
3.18528e+007
3.12865e+007
3.06878e+007
3.00576e+007
2.93966e+007
2.87059e+007
2.79863e+007
2.72386e+007
2.64635e+007
2.5662e+007
2.4835e+007
2.39832e+007
2.31075e+007
2.22088e+007
2.12877e+007
2.03454e+007
1.93826e+007
1.84002e+007
1.73994e+007
1.63812e+007
1.53466e+007
1.42967e+007
1.32329e+007
1.21564e+007
1.10684e+007
9.97039e+006
8.86362e+006
7.74942e+006
6.62908e+006
5.50379e+006
4.37493e+006
3.24386e+006
2.11189e+006
980259
-149740
-1.2769e+006
-2.39983e+006
-3.51737e+006
-4.62817e+006
-5.7311e+006
-6.82492e+006
-7.90837e+006
-8.98011e+006
-1.00389e+007
-1.10835e+007
-1.21127e+007
-1.31253e+007
-1.41203e+007
-1.50963e+007
-1.60523e+007
-1.69872e+007
-1.79e+007
-1.87899e+007
-1.96557e+007
-2.04967e+007
-2.13118e+007
-2.21004e+007
-2.28616e+007
-2.35947e+007
-2.42992e+007
-2.49743e+007
-2.56195e+007
-2.62343e+007
-2.68183e+007
-2.73708e+007
-2.78916e+007
-2.83802e+007
-2.88361e+007
-2.9259e+007
-2.96484e+007
-3.0004e+007
-3.03255e+007
-3.06126e+007
-3.0865e+007
-3.10824e+007
-3.12646e+007
-3.14113e+007
-3.15225e+007
-3.1598e+007
-3.16377e+007
-3.16414e+007
-3.16093e+007
-3.15414e+007
-3.14377e+007
-3.12985e+007
-3.11239e+007
-3.09141e+007
-3.06694e+007
-3.03901e+007
-3.00766e+007
-2.97291e+007
-2.93483e+007
-2.89347e+007
-2.84889e+007
-2.80117e+007
-2.75036e+007
-2.69654e+007
-2.63979e+007
-2.58019e+007
-2.5178e+007
-2.45272e+007
-2.385e+007
-2.31473e+007
-2.242e+007
-2.16687e+007
-2.08943e+007
-2.00975e+007
-1.92789e+007
-1.84393e+007
-1.75795e+007
-1.67005e+007
-1.58031e+007
-1.48884e+007
-1.39577e+007
-1.30122e+007
-1.20532e+007
-1.10823e+007
-1.01007e+007
-9.10974e+006
-8.11086e+006
-7.10538e+006
-6.09486e+006
-5.0806e+006
-4.06399e+006
-3.04642e+006
-2.02915e+006
-1.01363e+006
-1124.68
1.00697e+006
2.00938e+006
3.0048e+006
3.992e+006
4.96981e+006
5.93703e+006
6.89255e+006
7.83521e+006
8.76399e+006
9.67786e+006
1.05758e+007
1.1457e+007
1.23204e+007
1.31651e+007
1.39902e+007
1.47947e+007
1.55778e+007
1.63383e+007
1.70754e+007
1.77881e+007
1.84753e+007
1.91364e+007
1.97704e+007
2.03765e+007
2.0954e+007
2.15023e+007
2.20208e+007
2.2509e+007
2.29664e+007
2.33924e+007
2.37868e+007
2.4149e+007
2.44788e+007
2.47757e+007
2.50396e+007
2.52702e+007
2.54672e+007
2.56305e+007
2.576e+007
2.58557e+007
2.59172e+007
2.59445e+007
2.59376e+007
2.58965e+007
2.58211e+007
2.57118e+007
2.55685e+007
2.53916e+007
2.51814e+007
2.4938e+007
2.4662e+007
2.43537e+007
2.40137e+007
2.36425e+007
2.32406e+007
2.28088e+007
2.23478e+007
2.18583e+007
2.13412e+007
2.07972e+007
2.02274e+007
1.96326e+007
1.90137e+007
1.83718e+007
1.77077e+007
1.70224e+007
1.63171e+007
1.55928e+007
1.48504e+007
1.40909e+007
1.33155e+007
1.25252e+007
1.17211e+007
1.0904e+007
1.00751e+007
9.23534e+006
8.38566e+006
7.52711e+006
6.66073e+006
5.78757e+006
4.90875e+006
4.02534e+006
3.13837e+006
2.24887e+006
1.35795e+006
466659
-423921
-1.31259e+006
-2.19817e+006
-3.07961e+006
-3.95571e+006
-4.8253e+006
-5.68725e+006
-6.54038e+006
-7.38357e+006
-8.21566e+006
-9.03547e+006
-9.8418e+006
-1.06335e+007
-1.14093e+007
-1.2168e+007
-1.29087e+007
-1.36303e+007
-1.43319e+007
-1.50126e+007
-1.56716e+007
-1.63081e+007
-1.69213e+007
-1.75104e+007
-1.80748e+007
-1.86137e+007
-1.91264e+007
-1.96124e+007
-2.00711e+007
-2.05021e+007
-2.0905e+007
-2.12795e+007
-2.1625e+007
-2.19415e+007
-2.22286e+007
-2.24861e+007
-2.27137e+007
-2.29114e+007
-2.30788e+007
-2.32158e+007
-2.3322e+007
-2.33974e+007
-2.34417e+007
-2.34548e+007
-2.34366e+007
-2.33869e+007
-2.33057e+007
-2.31932e+007
-2.30492e+007
-2.2874e+007
-2.26676e+007
-2.24303e+007
-2.21624e+007
-2.18639e+007
-2.15354e+007
-2.11771e+007
-2.07894e+007
-2.03727e+007
-1.99272e+007
-1.94535e+007
-1.89522e+007
-1.84239e+007
-1.78693e+007
-1.72889e+007
-1.66837e+007
-1.60545e+007
-1.54022e+007
-1.47277e+007
-1.40321e+007
-1.33161e+007
-1.2581e+007
-1.18276e+007
-1.10571e+007
-1.02707e+007
-9.46947e+006
-8.65451e+006
-7.82701e+006
-6.98829e+006
-6.1395e+006
-5.28186e+006
-4.41654e+006
-3.54469e+006
-2.66748e+006
-1.78607e+006
-901606
-15168.1
872173
1.7594e+006
2.6455e+006
3.52953e+006
4.41041e+006
5.28713e+006
6.15877e+006
7.0243e+006
7.88262e+006
8.73277e+006
9.57362e+006
1.04041e+007
1.1223e+007
1.20292e+007
1.28216e+007
1.3599e+007
1.43604e+007
1.51045e+007
1.58301e+007
1.6536e+007
1.72213e+007
1.78848e+007
1.85253e+007
1.91418e+007
1.97333e+007
2.02988e+007
2.08375e+007
2.13484e+007
2.18309e+007
2.22841e+007
2.27073e+007
2.31e+007
2.34614e+007
2.37911e+007
2.40885e+007
2.43534e+007
2.45855e+007
2.47846e+007
2.49504e+007
2.50828e+007
2.51814e+007
2.52463e+007
2.52773e+007
2.52742e+007
2.52373e+007
2.51666e+007
2.50621e+007
2.4924e+007
2.47523e+007
2.45474e+007
2.43091e+007
2.40378e+007
2.37336e+007
2.33969e+007
2.30279e+007
2.26271e+007
2.21949e+007
2.17318e+007
2.12385e+007
2.07154e+007
2.01632e+007
1.95824e+007
1.89737e+007
1.83377e+007
1.76752e+007
1.69869e+007
1.62734e+007
1.55357e+007
1.47745e+007
1.39907e+007
1.31854e+007
1.23593e+007
1.15137e+007
1.06495e+007
9.7679e+006
8.86987e+006
7.95646e+006
7.02878e+006
6.08787e+006
5.13485e+006
4.17085e+006
3.19701e+006
2.2144e+006
1.22434e+006
228145
-772712
-1.77676e+006
-2.78238e+006
-3.78796e+006
-4.79203e+006
-5.79295e+006
-6.78921e+006
-7.77922e+006
-8.76165e+006
-9.73513e+006
-1.06984e+007
-1.16503e+007
-1.25896e+007
-1.35153e+007
-1.44263e+007
-1.53217e+007
-1.62005e+007
-1.70618e+007
-1.79047e+007
-1.87284e+007
-1.9532e+007
-2.03147e+007
-2.10758e+007
-2.18144e+007
-2.25297e+007
-2.32209e+007
-2.38872e+007
-2.45278e+007
-2.5142e+007
-2.5729e+007
-2.6288e+007
-2.68182e+007
-2.73187e+007
-2.77889e+007
-2.82281e+007
-2.86355e+007
-2.90107e+007
-2.93529e+007
-2.96617e+007
-2.99367e+007
-3.01775e+007
-3.03837e+007
-3.05551e+007
-3.06915e+007
-3.07927e+007
-3.08585e+007
-3.0889e+007
-3.08842e+007
-3.0844e+007
-3.07686e+007
-3.06578e+007
-3.05118e+007
-3.03306e+007
-3.01144e+007
-2.98632e+007
-2.95772e+007
-2.92567e+007
-2.89019e+007
-2.8513e+007
-2.80902e+007
-2.76339e+007
-2.71442e+007
-2.66215e+007
-2.60662e+007
-2.54786e+007
-2.48591e+007
-2.42081e+007
-2.35263e+007
-2.28142e+007
-2.20724e+007
-2.13017e+007
-2.0503e+007
-1.96769e+007
-1.88247e+007
-1.79473e+007
-1.70458e+007
-1.61214e+007
-1.5175e+007
-1.4208e+007
-1.32215e+007
-1.22164e+007
-1.11939e+007
-1.01553e+007
-9.10142e+006
-8.03376e+006
-6.95333e+006
-5.86123e+006
-4.75859e+006
-3.64649e+006
-2.52617e+006
-1.39886e+006
-265884
871538
2.01195e+006
3.15405e+006
4.29639e+006
5.43757e+006
6.57614e+006
7.71074e+006
8.83994e+006
9.96234e+006
1.10767e+007
1.21817e+007
1.32761e+007
1.43586e+007
1.54281e+007
1.64832e+007
1.75228e+007
1.85457e+007
1.95507e+007
2.05367e+007
2.15026e+007
2.24471e+007
2.33691e+007
2.42678e+007
2.51422e+007
2.59914e+007
2.68147e+007
2.76114e+007
2.83806e+007
2.91218e+007
2.9834e+007
3.05164e+007
3.1168e+007
3.17876e+007
3.23741e+007
3.29262e+007
3.34427e+007
3.39223e+007
3.43636e+007
3.47655e+007
3.51269e+007
3.54468e+007
3.57242e+007
3.59584e+007
3.61489e+007
3.62953e+007
3.63974e+007
3.64552e+007
3.64689e+007
3.64387e+007
3.63652e+007
3.62486e+007
3.60897e+007
3.5889e+007
3.56474e+007
3.53656e+007
3.50445e+007
3.46848e+007
3.42874e+007
3.38532e+007
3.33831e+007
3.28781e+007
3.2339e+007
3.17666e+007
3.11617e+007
3.05249e+007
2.98571e+007
2.91589e+007
2.8431e+007
2.7674e+007
2.68888e+007
2.60761e+007
2.52364e+007
2.43708e+007
2.348e+007
2.2565e+007
2.16267e+007
2.06663e+007
1.96845e+007
1.86827e+007
1.7662e+007
1.66236e+007
1.55685e+007
1.44983e+007
1.3414e+007
1.23169e+007
1.12084e+007
1.00897e+007
8.96212e+006
7.82701e+006
6.68567e+006
5.53937e+006
4.38943e+006
3.23715e+006
2.08388e+006
930877
-220498
-1.36897e+006
-2.51328e+006
-3.65211e+006
-4.78419e+006
-5.90824e+006
-7.02296e+006
-8.12707e+006
-9.21925e+006
-1.02982e+007
-1.13626e+007
-1.24112e+007
-1.34428e+007
-1.44563e+007
-1.54503e+007
-1.6424e+007
-1.73763e+007
-1.83061e+007
-1.92125e+007
-2.00946e+007
-2.09515e+007
-2.17824e+007
-2.25866e+007
-2.33633e+007
-2.41119e+007
-2.48317e+007
-2.55222e+007
-2.61829e+007
-2.68129e+007
-2.74118e+007
-2.79789e+007
-2.85135e+007
-2.90151e+007
-2.94832e+007
-2.99175e+007
-3.03173e+007
-3.06823e+007
-3.10122e+007
-3.13066e+007
-3.15652e+007
-3.17877e+007
-3.19739e+007
-3.21237e+007
-3.2237e+007
-3.23136e+007
-3.23536e+007
-3.23568e+007
-3.23232e+007
-3.22529e+007
-3.21461e+007
-3.20027e+007
-3.18229e+007
-3.1607e+007
-3.13554e+007
-3.10686e+007
-3.07471e+007
-3.03916e+007
-3.00028e+007
-2.95813e+007
-2.91279e+007
-2.86434e+007
-2.81284e+007
-2.75834e+007
-2.70092e+007
-2.64063e+007
-2.57753e+007
-2.51167e+007
-2.44313e+007
-2.37195e+007
-2.29821e+007
-2.22199e+007
-2.14334e+007
-2.06237e+007
-1.97916e+007
-1.89382e+007
-1.80643e+007
-1.71712e+007
-1.626e+007
-1.5332e+007
-1.43883e+007
-1.34303e+007
-1.24593e+007
-1.14765e+007
-1.04832e+007
-9.48074e+006
-8.47059e+006
-7.45402e+006
-6.43253e+006
-5.40758e+006
-4.38057e+006
-3.35296e+006
-2.32608e+006
-1.30133e+006
-279961
736904
1.74801e+006
2.75229e+006
3.74862e+006
4.73595e+006
5.71308e+006
6.679e+006
7.63272e+006
8.57307e+006
9.49911e+006
1.04097e+007
1.13037e+007
1.21803e+007
1.30382e+007
1.38764e+007
1.46939e+007
1.54897e+007
1.62628e+007
1.70121e+007
1.77367e+007
1.84357e+007
1.91084e+007
1.97537e+007
2.03712e+007
2.09599e+007
2.15195e+007
2.20494e+007
2.25489e+007
2.30176e+007
2.3455e+007
2.38606e+007
2.42342e+007
2.45754e+007
2.48838e+007
2.51593e+007
2.54016e+007
2.56105e+007
2.57856e+007
2.5927e+007
2.60342e+007
2.61071e+007
2.61458e+007
2.615e+007
2.61198e+007
2.60553e+007
2.59566e+007
2.58238e+007
2.56571e+007
2.54569e+007
2.52233e+007
2.49569e+007
2.4658e+007
2.43273e+007
2.39653e+007
2.35727e+007
2.31503e+007
2.26989e+007
2.22191e+007
2.17117e+007
2.11775e+007
2.06174e+007
2.00322e+007
1.94229e+007
1.87904e+007
1.81358e+007
1.74598e+007
1.67636e+007
1.60481e+007
1.53141e+007
1.45628e+007
1.37949e+007
1.30114e+007
1.22135e+007
1.14023e+007
1.05788e+007
9.74405e+006
8.89915e+006
8.04514e+006
7.18302e+006
6.31394e+006
5.43894e+006
4.559e+006
3.67519e+006
2.78853e+006
1.90013e+006
1.01105e+006
122513
-764196
-1.64801e+006
-2.52758e+006
-3.40181e+006
-4.26937e+006
-5.12917e+006
-5.97992e+006
-6.82064e+006
-7.65011e+006
-8.46721e+006
-9.2708e+006
-1.00597e+007
-1.08328e+007
-1.15889e+007
-1.23272e+007
-1.30464e+007
-1.37457e+007
-1.44242e+007
-1.50807e+007
-1.57148e+007
-1.63255e+007
-1.69121e+007
-1.74742e+007
-1.8011e+007
-1.85221e+007
-1.90072e+007
-1.94658e+007
-1.98976e+007
-2.03022e+007
-2.06791e+007
-2.10281e+007
-2.13486e+007
-2.16403e+007
-2.19028e+007
-2.21356e+007
-2.23384e+007
-2.2511e+007
-2.26531e+007
-2.27647e+007
-2.28454e+007
-2.28952e+007
-2.29142e+007
-2.29022e+007
-2.28592e+007
-2.27852e+007
-2.26803e+007
-2.25443e+007
-2.23775e+007
-2.21799e+007
-2.19517e+007
-2.1693e+007
-2.14042e+007
-2.10854e+007
-2.07372e+007
-2.03598e+007
-1.99538e+007
-1.95196e+007
-1.90579e+007
-1.85692e+007
-1.80541e+007
-1.75132e+007
-1.69475e+007
-1.63575e+007
-1.57442e+007
-1.51084e+007
-1.44511e+007
-1.3773e+007
-1.30752e+007
-1.23588e+007
-1.16249e+007
-1.08746e+007
-1.01093e+007
-9.33013e+006
-8.53817e+006
-7.7347e+006
-6.92084e+006
-6.09775e+006
-5.26648e+006
-4.42811e+006
-3.58385e+006
-2.73475e+006
-1.88181e+006
-1.0261e+006
-168496
690018
1.54848e+006
2.40601e+006
3.26159e+006
4.11416e+006
4.9627e+006
5.80612e+006
6.64335e+006
7.47334e+006
8.29505e+006
9.1074e+006
9.90931e+006
1.06996e+007
1.14773e+007
1.22412e+007
1.29899e+007
1.37224e+007
1.44376e+007
1.51342e+007
1.58111e+007
1.64674e+007
1.71019e+007
1.77139e+007
1.83023e+007
1.88662e+007
1.94048e+007
1.99171e+007
2.04024e+007
2.08599e+007
2.12891e+007
2.16893e+007
2.20598e+007
2.24002e+007
2.27099e+007
2.29887e+007
2.3236e+007
2.34516e+007
2.36352e+007
2.37864e+007
2.39051e+007
2.39909e+007
2.40439e+007
2.40636e+007
2.40503e+007
2.40038e+007
2.39241e+007
2.38113e+007
2.36656e+007
2.34871e+007
2.32761e+007
2.30327e+007
2.27573e+007
2.245e+007
2.21112e+007
2.17412e+007
2.13403e+007
2.09089e+007
2.04473e+007
1.9956e+007
1.94356e+007
1.88865e+007
1.83094e+007
1.77051e+007
1.70744e+007
1.64182e+007
1.57372e+007
1.50325e+007
1.43049e+007
1.35554e+007
1.27848e+007
1.1994e+007
1.11839e+007
1.03554e+007
9.5093e+006
8.64666e+006
7.76845e+006
6.87571e+006
5.96953e+006
5.05107e+006
4.12161e+006
3.18234e+006
2.23476e+006
1.2802e+006
320133
-643911
-1.61051e+006
-2.57821e+006
-3.54559e+006
-4.51125e+006
-5.47386e+006
-6.432e+006
-7.38435e+006
-8.32954e+006
-9.26634e+006
-1.01936e+007
-1.11101e+007
-1.20149e+007
-1.29069e+007
-1.37851e+007
-1.46487e+007
-1.54966e+007
-1.6328e+007
-1.71421e+007
-1.7938e+007
-1.87148e+007
-1.94719e+007
-2.02082e+007
-2.09229e+007
-2.16154e+007
-2.22846e+007
-2.29297e+007
-2.35495e+007
-2.41434e+007
-2.47102e+007
-2.52493e+007
-2.57598e+007
-2.6241e+007
-2.6692e+007
-2.71122e+007
-2.75011e+007
-2.7858e+007
-2.81826e+007
-2.84744e+007
-2.87331e+007
-2.89584e+007
-2.915e+007
-2.93077e+007
-2.94314e+007
-2.9521e+007
-2.95763e+007
-2.95974e+007
-2.95842e+007
-2.95368e+007
-2.94554e+007
-2.93401e+007
-2.91911e+007
-2.90087e+007
-2.87927e+007
-2.85434e+007
-2.8261e+007
-2.79455e+007
-2.75972e+007
-2.7216e+007
-2.68021e+007
-2.63557e+007
-2.58769e+007
-2.53659e+007
-2.48232e+007
-2.42489e+007
-2.36435e+007
-2.30074e+007
-2.23414e+007
-2.1646e+007
-2.0922e+007
-2.01702e+007
-1.93917e+007
-1.85872e+007
-1.77578e+007
-1.69046e+007
-1.60284e+007
-1.51305e+007
-1.42116e+007
-1.32729e+007
-1.23152e+007
-1.13396e+007
-1.0347e+007
-9.33841e+006
-8.31496e+006
-7.27756e+006
-6.22739e+006
-5.16556e+006
-4.09335e+006
-3.01199e+006
-1.92295e+006
-827536
272963
1.37716e+006
2.48377e+006
3.59146e+006
4.69903e+006
5.80529e+006
6.90895e+006
8.0087e+006
9.10324e+006
1.01914e+007
1.12717e+007
1.23427e+007
1.3403e+007
1.44512e+007
1.5486e+007
1.6506e+007
1.75102e+007
1.84973e+007
1.94662e+007
2.04161e+007
2.13461e+007
2.22552e+007
2.31428e+007
2.40082e+007
2.48504e+007
2.56686e+007
2.64623e+007
2.72306e+007
2.79724e+007
2.86867e+007
2.93725e+007
3.00285e+007
3.06533e+007
3.12457e+007
3.18044e+007
3.23281e+007
3.28155e+007
3.32653e+007
3.36766e+007
3.40484e+007
3.43799e+007
3.46704e+007
3.49192e+007
3.51257e+007
3.52896e+007
3.54106e+007
3.54888e+007
3.55241e+007
3.55167e+007
3.5467e+007
3.53753e+007
3.52423e+007
3.50686e+007
3.48549e+007
3.4602e+007
3.43106e+007
3.39816e+007
3.36157e+007
3.32138e+007
3.27766e+007
3.23049e+007
3.17993e+007
3.12607e+007
3.06898e+007
3.00871e+007
2.94535e+007
2.87893e+007
2.80954e+007
2.73725e+007
2.66213e+007
2.58424e+007
2.50365e+007
2.42048e+007
2.33481e+007
2.24673e+007
2.15633e+007
2.06371e+007
1.96897e+007
1.87221e+007
1.77356e+007
1.67314e+007
1.57105e+007
1.46745e+007
1.36244e+007
1.25616e+007
1.14872e+007
1.04025e+007
9.30885e+006
8.20744e+006
7.09957e+006
5.98647e+006
4.86939e+006
3.74967e+006
2.62853e+006
1.50716e+006
386754
-731422
-1.84626e+006
-2.95646e+006
-4.06063e+006
-5.15755e+006
-6.24579e+006
-7.32408e+006
-8.39097e+006
-9.44525e+006
-1.04856e+007
-1.15108e+007
-1.25197e+007
-1.35111e+007
-1.44841e+007
-1.54377e+007
-1.6371e+007
-1.72832e+007
-1.81734e+007
-1.90409e+007
-1.9885e+007
-2.07051e+007
-2.15003e+007
-2.227e+007
-2.30135e+007
-2.373e+007
-2.4419e+007
-2.50798e+007
-2.57115e+007
-2.63137e+007
-2.68856e+007
-2.74266e+007
-2.79363e+007
-2.84141e+007
-2.88597e+007
-2.92726e+007
-2.96526e+007
-2.99993e+007
-3.03124e+007
-3.05915e+007
-3.08362e+007
-3.10463e+007
-3.12213e+007
-3.13609e+007
-3.1465e+007
-3.15335e+007
-3.15662e+007
-3.15631e+007
-3.15243e+007
-3.14498e+007
-3.13401e+007
-3.11952e+007
-3.10158e+007
-3.08022e+007
-3.05548e+007
-3.02743e+007
-2.99614e+007
-2.96165e+007
-2.92402e+007
-2.8833e+007
-2.83953e+007
-2.79277e+007
-2.74306e+007
-2.69046e+007
-2.63501e+007
-2.57676e+007
-2.51578e+007
-2.45213e+007
-2.38589e+007
-2.31712e+007
-2.2459e+007
-2.17231e+007
-2.0964e+007
-2.0183e+007
-1.93806e+007
-1.85579e+007
-1.77159e+007
-1.68556e+007
-1.59781e+007
-1.50845e+007
-1.41762e+007
-1.32543e+007
-1.23202e+007
-1.13751e+007
-1.04204e+007
-9.45744e+006
-8.48754e+006
-7.512e+006
-6.53211e+006
-5.54908e+006
-4.56423e+006
-3.57875e+006
-2.59396e+006
-1.61092e+006
-630596
345818
1.31729e+006
2.28291e+006
3.2414e+006
4.19174e+006
5.1329e+006
6.06364e+006
6.98302e+006
7.88999e+006
8.78341e+006
9.66239e+006
1.05257e+007
1.13725e+007
1.22014e+007
1.30115e+007
1.38016e+007
1.45704e+007
1.5317e+007
1.60405e+007
1.67401e+007
1.74149e+007
1.80641e+007
1.8687e+007
1.92826e+007
1.98506e+007
2.03902e+007
2.09009e+007
2.13824e+007
2.18343e+007
2.22562e+007
2.26479e+007
2.30092e+007
2.33395e+007
2.36387e+007
2.39064e+007
2.41424e+007
2.43464e+007
2.4518e+007
2.46573e+007
2.47639e+007
2.4838e+007
2.48794e+007
2.48882e+007
2.48645e+007
2.48085e+007
2.47202e+007
2.46001e+007
2.44481e+007
2.42646e+007
2.40499e+007
2.38046e+007
2.35293e+007
2.32242e+007
2.28904e+007
2.25283e+007
2.21385e+007
2.17219e+007
2.12789e+007
2.08104e+007
2.0317e+007
1.97994e+007
1.92584e+007
1.86946e+007
1.81089e+007
1.75023e+007
1.68755e+007
1.62295e+007
1.55652e+007
1.48835e+007
1.41852e+007
1.34713e+007
1.27426e+007
1.20001e+007
1.12448e+007
1.04778e+007
9.69978e+006
8.91207e+006
8.11548e+006
7.31111e+006
6.50006e+006
5.68316e+006
4.86161e+006
4.03643e+006
3.20874e+006
2.37961e+006
1.55026e+006
721824
-104622
-928026
-1.74731e+006
-2.56142e+006
-3.36936e+006
-4.16989e+006
-4.96198e+006
-5.74451e+006
-6.51634e+006
-7.27632e+006
-8.02317e+006
-8.75585e+006
-9.47328e+006
-1.01744e+007
-1.08584e+007
-1.15243e+007
-1.21714e+007
-1.27992e+007
-1.34071e+007
-1.39944e+007
-1.45608e+007
-1.51057e+007
-1.56286e+007
-1.6129e+007
-1.66063e+007
-1.70602e+007
-1.74901e+007
-1.78955e+007
-1.82763e+007
-1.8632e+007
-1.8962e+007
-1.92659e+007
-1.95435e+007
-1.97943e+007
-2.00181e+007
-2.02147e+007
-2.03839e+007
-2.05254e+007
-2.06391e+007
-2.07248e+007
-2.07822e+007
-2.08112e+007
-2.08117e+007
-2.07834e+007
-2.07263e+007
-2.06406e+007
-2.05262e+007
-2.03832e+007
-2.02118e+007
-2.0012e+007
-1.9784e+007
-1.95279e+007
-1.9244e+007
-1.89326e+007
-1.85942e+007
-1.82291e+007
-1.78377e+007
-1.74206e+007
-1.69782e+007
-1.65112e+007
-1.60202e+007
-1.55057e+007
-1.49687e+007
-1.441e+007
-1.38304e+007
-1.32312e+007
-1.26132e+007
-1.19777e+007
-1.13257e+007
-1.06583e+007
-9.9767e+006
-9.282e+006
-8.57522e+006
-7.85736e+006
-7.12944e+006
-6.3926e+006
-5.64762e+006
-4.89575e+006
-4.13784e+006
-3.37478e+006
-2.60746e+006
-1.83682e+006
-1.06366e+006
-288737
486989
1.26269e+006
2.03771e+006
2.8111e+006
3.58192e+006
4.34925e+006
5.11215e+006
5.86961e+006
6.6207e+006
7.36429e+006
8.09941e+006
8.82489e+006
9.5396e+006
1.02427e+007
1.09329e+007
1.16091e+007
1.22703e+007
1.29152e+007
1.35429e+007
1.41523e+007
1.47425e+007
1.53126e+007
1.58616e+007
1.63889e+007
1.68936e+007
1.7375e+007
1.78324e+007
1.8265e+007
1.86723e+007
1.90537e+007
1.94085e+007
1.97364e+007
2.00368e+007
2.03092e+007
2.0553e+007
2.07678e+007
2.09532e+007
2.1109e+007
2.12351e+007
2.13314e+007
2.13978e+007
2.14344e+007
2.14411e+007
2.14182e+007
2.13656e+007
2.12836e+007
2.1172e+007
2.10309e+007
2.08604e+007
2.06606e+007
2.04314e+007
2.01731e+007
1.98859e+007
1.95699e+007
1.92253e+007
1.88528e+007
1.84527e+007
1.80255e+007
1.75719e+007
1.70925e+007
1.65878e+007
1.60583e+007
1.5505e+007
1.49282e+007
1.43289e+007
1.37076e+007
1.3065e+007
1.24019e+007
1.1719e+007
1.10171e+007
1.0297e+007
9.55951e+006
8.80554e+006
8.03584e+006
7.25153e+006
6.45362e+006
5.6431e+006
4.82116e+006
3.989e+006
3.14768e+006
2.29828e+006
1.44204e+006
580372
-285260
-1.15371e+006
-2.02363e+006
-2.89354e+006
-3.76218e+006
-4.62829e+006
-5.49055e+006
-6.34784e+006
-7.19902e+006
-8.04294e+006
-8.87861e+006
-9.70509e+006
-1.05214e+007
-1.13269e+007
-1.21207e+007
-1.29022e+007
-1.36707e+007
-1.44255e+007
-1.5166e+007
-1.58913e+007
-1.66007e+007
-1.72932e+007
-1.79681e+007
-1.86243e+007
-1.92609e+007
-1.98772e+007
-2.04721e+007
-2.10446e+007
-2.15941e+007
-2.21198e+007
-2.26207e+007
-2.30964e+007
-2.35459e+007
-2.39685e+007
-2.43637e+007
-2.47306e+007
-2.5069e+007
-2.53782e+007
-2.56577e+007
-2.59072e+007
-2.61264e+007
-2.63149e+007
-2.64728e+007
-2.66001e+007
-2.66968e+007
-2.6763e+007
-2.67987e+007
-2.68041e+007
-2.67795e+007
-2.67252e+007
-2.66412e+007
-2.65278e+007
-2.63851e+007
-2.62128e+007
-2.60114e+007
-2.57806e+007
-2.55204e+007
-2.52304e+007
-2.49108e+007
-2.45611e+007
-2.41816e+007
-2.37724e+007
-2.33333e+007
-2.28646e+007
-2.23668e+007
-2.18402e+007
-2.12854e+007
-2.07032e+007
-2.0094e+007
-1.94588e+007
-1.87984e+007
-1.81133e+007
-1.74042e+007
-1.66716e+007
-1.59165e+007
-1.51393e+007
-1.43411e+007
-1.35222e+007
-1.26836e+007
-1.18263e+007
-1.09511e+007
-1.00591e+007
-9.15129e+006
-8.22888e+006
-7.2927e+006
-6.34393e+006
-5.38348e+006
-4.41235e+006
-3.43158e+006
-2.44222e+006
-1.44531e+006
-442085
566398
1.57908e+006
2.59466e+006
3.61198e+006
4.62967e+006
5.64661e+006
6.66144e+006
7.67281e+006
8.67937e+006
9.67964e+006
1.06721e+007
1.16556e+007
1.26288e+007
1.35907e+007
1.45402e+007
1.54762e+007
1.63979e+007
1.73045e+007
1.81951e+007
1.90693e+007
1.99261e+007
2.07649e+007
2.15847e+007
2.23847e+007
2.3164e+007
2.39217e+007
2.46568e+007
2.53682e+007
2.60551e+007
2.67162e+007
2.73504e+007
2.79566e+007
2.85334e+007
2.90799e+007
2.95948e+007
3.00771e+007
3.05255e+007
3.09392e+007
3.13176e+007
3.16596e+007
3.19645e+007
3.22318e+007
3.24609e+007
3.26512e+007
3.28029e+007
3.29158e+007
3.29902e+007
3.30263e+007
3.30243e+007
3.29846e+007
3.29075e+007
3.27937e+007
3.26435e+007
3.24574e+007
3.2236e+007
3.19799e+007
3.16898e+007
3.13662e+007
3.10098e+007
3.06212e+007
3.02009e+007
2.97493e+007
2.92669e+007
2.87543e+007
2.82123e+007
2.76413e+007
2.70419e+007
2.64148e+007
2.57605e+007
2.50795e+007
2.43727e+007
2.36405e+007
2.28839e+007
2.21036e+007
2.13004e+007
2.04753e+007
1.96292e+007
1.87634e+007
1.78788e+007
1.69766e+007
1.60581e+007
1.51247e+007
1.41774e+007
1.32176e+007
1.22462e+007
1.12645e+007
1.02734e+007
9.274e+006
8.26736e+006
7.25442e+006
6.23605e+006
5.21316e+006
4.18685e+006
3.15812e+006
2.1281e+006
1.09772e+006
68239.9
-959095
-1.98296e+006
-3.00215e+006
-4.0153e+006
-5.02125e+006
-6.01869e+006
-7.00639e+006
-7.98346e+006
-8.94887e+006
-9.90172e+006
-1.08413e+007
-1.17667e+007
-1.26774e+007
-1.35726e+007
-1.44514e+007
-1.53132e+007
-1.61569e+007
-1.69819e+007
-1.77873e+007
-1.85724e+007
-1.93365e+007
-2.00789e+007
-2.07989e+007
-2.14958e+007
-2.21689e+007
-2.28175e+007
-2.34409e+007
-2.40387e+007
-2.46103e+007
-2.51551e+007
-2.56724e+007
-2.61619e+007
-2.66229e+007
-2.7055e+007
-2.74577e+007
-2.78303e+007
-2.81724e+007
-2.84833e+007
-2.87625e+007
-2.90096e+007
-2.92244e+007
-2.94064e+007
-2.95559e+007
-2.96726e+007
-2.97569e+007
-2.98087e+007
-2.98284e+007
-2.98164e+007
-2.97729e+007
-2.9698e+007
-2.95922e+007
-2.94557e+007
-2.92888e+007
-2.90921e+007
-2.88658e+007
-2.86104e+007
-2.83265e+007
-2.80143e+007
-2.7674e+007
-2.73062e+007
-2.69108e+007
-2.64883e+007
-2.60393e+007
-2.55642e+007
-2.50634e+007
-2.45374e+007
-2.39866e+007
-2.34115e+007
-2.28124e+007
-2.21898e+007
-2.15442e+007
-2.08765e+007
-2.01874e+007
-1.9478e+007
-1.87492e+007
-1.80021e+007
-1.72376e+007
-1.64568e+007
-1.56606e+007
-1.48499e+007
-1.40263e+007
-1.31905e+007
-1.23438e+007
-1.14873e+007
-1.06219e+007
-9.74891e+006
-8.86912e+006
-7.98379e+006
-7.09365e+006
-6.19979e+006
-5.3031e+006
-4.40436e+006
-3.50458e+006
-2.60453e+006
-1.7053e+006
-807882
86811.5
977608
1.86384e+006
2.74468e+006
3.61906e+006
4.486e+006
5.34424e+006
6.19283e+006
7.03048e+006
7.85603e+006
8.66797e+006
9.4652e+006
1.02464e+007
1.10107e+007
1.17568e+007
1.24839e+007
1.3191e+007
1.38774e+007
1.45426e+007
1.5186e+007
1.58068e+007
1.64043e+007
1.69781e+007
1.75276e+007
1.80524e+007
1.8552e+007
1.90261e+007
1.94742e+007
1.9896e+007
2.02914e+007
2.066e+007
2.10012e+007
2.13148e+007
2.16004e+007
2.18576e+007
2.20861e+007
2.22864e+007
2.2458e+007
2.26012e+007
2.27156e+007
2.28016e+007
2.28587e+007
2.28873e+007
2.28874e+007
2.28587e+007
2.28016e+007
2.27161e+007
2.26027e+007
2.24615e+007
2.22932e+007
2.20982e+007
2.18765e+007
2.16287e+007
2.13553e+007
2.10567e+007
2.07337e+007
2.03867e+007
2.00161e+007
1.96222e+007
1.92056e+007
1.87672e+007
1.83075e+007
1.78273e+007
1.73273e+007
1.68078e+007
1.62696e+007
1.57135e+007
1.51402e+007
1.45503e+007
1.3945e+007
1.33249e+007
1.2691e+007
1.20444e+007
1.13861e+007
1.07172e+007
1.00383e+007
9.35017e+006
8.65377e+006
7.94978e+006
7.23937e+006
6.52318e+006
5.80224e+006
5.07748e+006
4.34996e+006
3.62051e+006
2.89023e+006
2.16015e+006
1.43132e+006
704985
-17700.6
-735651
-1.44755e+006
-2.15238e+006
-2.84922e+006
-3.53713e+006
-4.21522e+006
-4.88293e+006
-5.53942e+006
-6.18384e+006
-6.81565e+006
-7.43407e+006
-8.03836e+006
-8.62797e+006
-9.20215e+006
-9.76037e+006
-1.03025e+007
-1.08279e+007
-1.13364e+007
-1.18271e+007
-1.22999e+007
-1.27539e+007
-1.31888e+007
-1.36039e+007
-1.39989e+007
-1.43732e+007
-1.47265e+007
-1.50585e+007
-1.53688e+007
-1.56573e+007
-1.59236e+007
-1.61671e+007
-1.63877e+007
-1.65849e+007
-1.67586e+007
-1.69086e+007
-1.70345e+007
-1.71363e+007
-1.72139e+007
-1.72672e+007
-1.7296e+007
-1.73004e+007
-1.72805e+007
-1.72358e+007
-1.71664e+007
-1.70722e+007
-1.6953e+007
-1.68087e+007
-1.66391e+007
-1.64445e+007
-1.62252e+007
-1.59813e+007
-1.57131e+007
-1.54213e+007
-1.51064e+007
-1.47686e+007
-1.44085e+007
-1.40268e+007
-1.36243e+007
-1.32017e+007
-1.27601e+007
-1.23005e+007
-1.18239e+007
-1.13311e+007
-1.08235e+007
-1.03019e+007
-9.76713e+006
-9.22041e+006
-8.66274e+006
-8.09489e+006
-7.51762e+006
-6.93187e+006
-6.33834e+006
-5.73813e+006
-5.13182e+006
-4.51959e+006
-3.90207e+006
-3.2798e+006
-2.65349e+006
-2.02336e+006
-1.38983e+006
-753443
-114781
525676
1.16678e+006
1.80762e+006
2.44757e+006
3.08562e+006
3.72058e+006
4.35161e+006
4.97762e+006
5.59726e+006
6.20965e+006
6.81354e+006
7.40822e+006
7.9926e+006
8.56552e+006
9.12639e+006
9.67431e+006
1.02086e+007
1.07282e+007
1.12323e+007
1.17198e+007
1.21901e+007
1.26422e+007
1.30748e+007
1.34872e+007
1.38782e+007
1.42475e+007
1.45946e+007
1.49189e+007
1.52202e+007
1.54981e+007
1.57522e+007
1.59819e+007
1.61875e+007
1.63685e+007
1.65249e+007
1.66563e+007
1.67626e+007
1.68437e+007
1.68992e+007
1.69292e+007
1.69335e+007
1.6912e+007
1.68644e+007
1.67909e+007
1.66911e+007
1.65654e+007
1.64139e+007
1.62368e+007
1.60343e+007
1.58065e+007
1.5554e+007
1.52769e+007
1.49755e+007
1.46503e+007
1.43015e+007
1.39297e+007
1.35352e+007
1.31188e+007
1.26808e+007
1.22219e+007
1.17427e+007
1.12438e+007
1.07253e+007
1.01884e+007
9.63384e+006
9.06239e+006
8.47468e+006
7.87177e+006
7.25418e+006
6.62254e+006
5.97776e+006
5.32045e+006
4.65161e+006
3.97192e+006
3.28227e+006
2.58359e+006
1.87723e+006
1.16447e+006
446705
-274936
-999113
-1.72456e+006
-2.44967e+006
-3.1736e+006
-3.89499e+006
-4.6126e+006
-5.32542e+006
-6.03293e+006
-6.73433e+006
-7.42927e+006
-8.11694e+006
-8.79631e+006
-9.46672e+006
-1.01275e+007
-1.07781e+007
-1.14182e+007
-1.20469e+007
-1.26631e+007
-1.32662e+007
-1.38555e+007
-1.44304e+007
-1.49903e+007
-1.55348e+007
-1.60629e+007
-1.65742e+007
-1.70679e+007
-1.75432e+007
-1.79996e+007
-1.84361e+007
-1.88523e+007
-1.92473e+007
-1.96203e+007
-1.99707e+007
-2.02978e+007
-2.06011e+007
-2.08796e+007
-2.1133e+007
-2.1361e+007
-2.15631e+007
-2.17398e+007
-2.18914e+007
-2.2018e+007
-2.21203e+007
-2.21989e+007
-2.22542e+007
-2.22871e+007
-2.22977e+007
-2.22859e+007
-2.22518e+007
-2.2195e+007
-2.21154e+007
-2.20121e+007
-2.18849e+007
-2.17329e+007
-2.15562e+007
-2.1354e+007
-2.11264e+007
-2.08735e+007
-2.05955e+007
-2.02924e+007
-1.9964e+007
-1.96102e+007
-1.92309e+007
-1.88259e+007
-1.83953e+007
-1.79395e+007
-1.74586e+007
-1.6953e+007
-1.64231e+007
-1.58692e+007
-1.52916e+007
-1.46911e+007
-1.40682e+007
-1.34239e+007
-1.27591e+007
-1.20737e+007
-1.13687e+007
-1.06446e+007
-9.90232e+006
-9.14337e+006
-8.36814e+006
-7.57746e+006
-6.77162e+006
-5.95174e+006
-5.11821e+006
-4.27164e+006
-3.41231e+006
-2.54121e+006
-1.65947e+006
-768406
130899
1.03706e+006
1.94921e+006
2.86603e+006
3.78628e+006
4.70808e+006
5.6304e+006
6.55203e+006
7.47123e+006
8.38716e+006
9.29847e+006
1.0204e+007
1.11029e+007
1.19945e+007
1.28779e+007
1.3752e+007
1.46162e+007
1.5469e+007
1.63095e+007
1.71365e+007
1.79496e+007
1.87475e+007
1.95294e+007
2.02947e+007
2.10421e+007
2.17708e+007
2.24799e+007
2.31682e+007
2.38345e+007
2.44773e+007
2.50959e+007
2.56886e+007
2.62543e+007
2.67915e+007
2.72995e+007
2.77773e+007
2.82241e+007
2.86389e+007
2.90208e+007
2.93691e+007
2.96835e+007
2.99633e+007
3.02086e+007
3.04188e+007
3.05937e+007
3.07334e+007
3.08374e+007
3.09062e+007
3.09399e+007
3.09386e+007
3.09028e+007
3.08321e+007
3.07275e+007
3.05888e+007
3.04167e+007
3.02114e+007
2.99736e+007
2.97039e+007
2.94029e+007
2.90714e+007
2.87103e+007
2.83205e+007
2.79021e+007
2.74557e+007
2.69814e+007
2.64801e+007
2.59521e+007
2.53972e+007
2.48157e+007
2.42079e+007
2.35743e+007
2.29152e+007
2.22319e+007
2.15256e+007
2.07969e+007
2.00466e+007
1.92762e+007
1.84867e+007
1.76799e+007
1.68574e+007
1.60203e+007
1.51698e+007
1.43066e+007
1.34317e+007
1.25456e+007
1.1649e+007
1.07428e+007
9.82738e+006
8.90357e+006
7.97224e+006
7.03463e+006
6.09172e+006
5.14439e+006
4.19383e+006
3.24118e+006
2.28754e+006
1.33356e+006
380476
-571054
-1.51962e+006
-2.46405e+006
-3.40357e+006
-4.33697e+006
-5.26336e+006
-6.18133e+006
-7.09043e+006
-7.98929e+006
-8.87816e+006
-9.75606e+006
-1.06223e+007
-1.14767e+007
-1.23178e+007
-1.31451e+007
-1.39581e+007
-1.47555e+007
-1.55368e+007
-1.6301e+007
-1.70486e+007
-1.77801e+007
-1.84955e+007
-1.9194e+007
-1.98756e+007
-2.0539e+007
-2.11838e+007
-2.18096e+007
-2.24155e+007
-2.30012e+007
-2.35658e+007
-2.41091e+007
-2.463e+007
-2.51276e+007
-2.5601e+007
-2.60486e+007
-2.64697e+007
-2.68638e+007
-2.72311e+007
-2.75703e+007
-2.78809e+007
-2.81625e+007
-2.84155e+007
-2.86398e+007
-2.88355e+007
-2.90022e+007
-2.91399e+007
-2.92487e+007
-2.93293e+007
-2.93816e+007
-2.94057e+007
-2.94027e+007
-2.93732e+007
-2.93171e+007
-2.92351e+007
-2.91275e+007
-2.8995e+007
-2.88375e+007
-2.86554e+007
-2.84485e+007
-2.82171e+007
-2.79615e+007
-2.76825e+007
-2.73804e+007
-2.70554e+007
-2.6708e+007
-2.63373e+007
-2.59431e+007
-2.55265e+007
-2.5088e+007
-2.46272e+007
-2.41442e+007
-2.36393e+007
-2.31133e+007
-2.25672e+007
-2.20014e+007
-2.14166e+007
-2.08133e+007
-2.01914e+007
-1.95514e+007
-1.88935e+007
-1.82189e+007
-1.75279e+007
-1.68208e+007
-1.6098e+007
-1.53606e+007
-1.46096e+007
-1.38461e+007
-1.30703e+007
-1.22824e+007
-1.14832e+007
-1.0673e+007
-9.85236e+006
-9.02228e+006
-8.18366e+006
-7.33817e+006
-6.48691e+006
-5.6303e+006
-4.76967e+006
-3.90577e+006
-3.04034e+006
-2.17391e+006
-1.30775e+006
-443425
417838
1.27423e+006
2.12452e+006
2.96779e+006
3.80282e+006
4.62831e+006
5.44375e+006
6.24736e+006
7.03903e+006
7.81728e+006
8.58245e+006
9.33376e+006
1.00701e+007
1.07907e+007
1.14938e+007
1.21789e+007
1.2845e+007
1.34914e+007
1.41173e+007
1.47229e+007
1.53081e+007
1.58734e+007
1.64189e+007
1.69448e+007
1.74507e+007
1.79364e+007
1.84014e+007
1.88458e+007
1.92695e+007
1.96728e+007
2.00559e+007
2.0418e+007
2.07588e+007
2.10777e+007
2.13735e+007
2.16466e+007
2.18963e+007
2.21214e+007
2.23218e+007
2.24977e+007
2.26488e+007
2.27756e+007
2.28785e+007
2.29572e+007
2.30114e+007
2.30412e+007
2.30463e+007
2.30274e+007
2.29848e+007
2.29196e+007
2.28314e+007
2.27202e+007
2.25864e+007
2.24303e+007
2.22512e+007
2.20502e+007
2.18279e+007
2.15849e+007
2.13216e+007
2.1038e+007
2.0736e+007
2.04161e+007
2.008e+007
1.97271e+007
1.93578e+007
1.89726e+007
1.85716e+007
1.81555e+007
1.77249e+007
1.72802e+007
1.68219e+007
1.63511e+007
1.58674e+007
1.53713e+007
1.48634e+007
1.43442e+007
1.38135e+007
1.32717e+007
1.27191e+007
1.21558e+007
1.15822e+007
1.09996e+007
1.04088e+007
9.81004e+006
9.2056e+006
8.59507e+006
7.97843e+006
7.35585e+006
6.72745e+006
6.09464e+006
5.457e+006
4.81592e+006
4.17129e+006
3.52587e+006
2.87984e+006
2.23373e+006
1.58858e+006
945023
301619
-340545
-981684
-1.61959e+006
-2.25389e+006
-2.88389e+006
-3.50866e+006
-4.12684e+006
-4.7374e+006
-5.33916e+006
-5.93114e+006
-6.51364e+006
-7.08627e+006
-7.64864e+006
-8.20005e+006
-8.73967e+006
-9.2671e+006
-9.78161e+006
-1.02834e+007
-1.07701e+007
-1.12414e+007
-1.16963e+007
-1.21348e+007
-1.25566e+007
-1.29606e+007
-1.33462e+007
-1.37114e+007
-1.40564e+007
-1.43781e+007
-1.46778e+007
-1.49544e+007
-1.52075e+007
-1.54381e+007
-1.56428e+007
-1.58224e+007
-1.59772e+007
-1.6109e+007
-1.62186e+007
-1.63058e+007
-1.63704e+007
-1.64105e+007
-1.64269e+007
-1.64201e+007
-1.63906e+007
-1.63403e+007
-1.62703e+007
-1.61797e+007
-1.60695e+007
-1.59418e+007
-1.5798e+007
-1.56383e+007
-1.54613e+007
-1.52693e+007
-1.50629e+007
-1.48441e+007
-1.46131e+007
-1.43699e+007
-1.41141e+007
-1.38404e+007
-1.35522e+007
-1.3248e+007
-1.29255e+007
-1.25835e+007
-1.22208e+007
-1.18377e+007
-1.1435e+007
-1.10133e+007
-1.05731e+007
-1.01148e+007
-9.63874e+006
-9.14539e+006
-8.63411e+006
-8.10459e+006
-7.55662e+006
-6.99266e+006
-6.41306e+006
-5.81947e+006
-5.2133e+006
-4.59446e+006
-3.96722e+006
-3.33435e+006
-2.69905e+006
-2.06485e+006
-1.43211e+006
-807153
-190651
413232
1.00051e+006
1.57068e+006
2.12616e+006
2.66398e+006
3.1835e+006
3.6847e+006
4.16798e+006
4.6313e+006
5.07566e+006
5.49765e+006
5.89907e+006
6.28047e+006
6.63967e+006
6.97501e+006
7.28649e+006
7.57487e+006
7.84285e+006
8.09115e+006
8.31651e+006
8.51878e+006
8.70098e+006
8.86043e+006
9.00018e+006
9.12264e+006
9.2272e+006
9.31005e+006
9.36962e+006
9.40663e+006
9.42589e+006
9.42321e+006
9.40356e+006
9.35867e+006
9.29061e+006
9.19961e+006
9.08791e+006
8.95648e+006
8.80226e+006
8.61873e+006
8.41297e+006
8.1867e+006
7.94184e+006
7.67143e+006
7.37324e+006
7.04162e+006
6.67936e+006
6.27773e+006
5.83743e+006
5.3586e+006
4.84363e+006
4.289e+006
3.69879e+006
3.07184e+006
2.40948e+006
1.71678e+006
1.00422e+006
280143
-454844
-1.1996e+006
-1.95987e+006
-2.73066e+006
-3.48681e+006
-4.22582e+006
-4.96352e+006
-5.70507e+006
-6.42622e+006
-7.1224e+006
-7.79763e+006
-8.47815e+006
-9.17527e+006
-9.85946e+006
-1.05094e+007
-1.11347e+007
-1.17514e+007
-1.23751e+007
-1.29609e+007
-1.35653e+007
-1.42676e+007
-1.49361e+007