-2495
-2333
-2140
-2000
-1838
-1642
-1460
-1264
-1049
-812
-588
-429
-272
-49
193
431
610
819
1082
1346
1554
1720
1910
2119
2318
2489
2635
2742
2842
2953
3040
3129
3218
3289
3348
3440
3508
3580
3660
3778
3874
3941
3964
4021
4095
4170
4229
4271
4308
4383
4448
4520
4553
4587
4624
4690
4760
4812
4830
4868
4880
4881
4900
4908
4896
4849
4783
4740
4688
4620
4531
4417
4299
4179
4029
3864
3698
3528
3318
3083
2871
2672
2455
2266
2060
1878
1696
1537
1408
1283
1144
1020
895
799
706
578
454
319
196
59
-76
-208
-338
-452
-591
-753
-944
-1134
-1294
-1508
-1735
-1954
-2170
-2351
-2526
-2682
-2854
-3041
-3206
-3333
-3458
-3614
-3752
-3871
-3970
-4064
-4162
-4305
-4464
-4624
-4758
-4868
-4936
-4992
-5075
-5138
-5184
-5236
-5252
-5311
-5360
-5434
-5516
-5600
-5674
-5747
-5801
-5850
-5930
-5991
-6044
-6087
-6134
-6191
-6243
-6281
-6297
-6316
-6339
-6351
-6364
-6370
-6355
-6341
-6338
-6318
-6316
-6250
-6184
-6135
-6079
-6000
-5985
-5956
-5937
-5901
-5872
-5830
-5774
-5694
-5578
-5503
-5406
-5312
-5234
-5141
-5045
-4941
-4821
-4693
-4564
-4430
-4292
-4126
-3968
-3814
-3653
-3483
-3329
-3158
-2993
-2813
-2590
-2405
-2214
-2051
-1880
-1678
-1471
-1259
-1055
-810
-555
-286
0
299
593
856
1110
1374
1620
1871
2135
2382
2602
2805
2992
3181
3372
3571
3736
3918
4096
4273
4460
4621
4757
4873
4981
5090
5190
5288
5364
5415
5424
5426
5393
5362
5330
5321
5318
5331
5375
5440
5516
5557
5599
5625
5648
5677
5684
5682
5668
5639
5632
5605
5598
5565
5521
5495
5440
5404
5318
5238
5181
5136
5094
5044
4984
4919
4840
4723
4620
4522
4419
4296
4143
3975
3828
3657
3499
3312
3138
2967
2804
2675
2553
2432
2301
2128
1971
1842
1692
1499
1287
1096
907
739
570
414
240
62
-121
-295
-461
-635
-814
-981
-1114
-1254
-1401
-1532
-1641
-1757
-1880
-1994
-2095
-2155
-2224
-2298
-2409
-2488
-2556
-2631
-2751
-2903
-3057
-3249
-3403
-3580
-3727
-3878
-4014
-4137
-4286
-4414
-4554
-4665
-4727
-4726
-4718
-4724
-4748
-4764
-4752
-4762
-4742
-4710
-4673
-4569
-4487
-4370
-4263
-4147
-4039
-3914
-3790
-3670
-3534
-3389
-3205
-3010
-2813
-2607
-2392
-2164
-1952
-1723
-1507
-1250
-1001
-734
-444
-144
163
466
766
1030
1240
1428
1577
1723
1871
1980
2040
2128
2232
2359
2517
2721
2940
3145
3369
3576
3793
3993
4163
4294
4408
4511
4577
4647
4702
4756
4765
4789
4786
4782
4764
4720
4699
4662
4630
4579
4495
4417
4309
4190
4081
3954
3821
3668
3492
3322
3165
3018
2842
2700
2549
2412
2284
2145
2037
1920
1794
1691
1556
1449
1335
1256
1178
1113
1055
971
870
776
686
576
482
388
281
179
84
-22
-155
-295
-435
-572
-680
-791
-936
-1087
-1242
-1379
-1522
-1659
-1795
-1873
-1930
-1976
-2014
-2078
-2130
-2157
-2158
-2128
-2126
-2112
-2092
-2065
-2054
-2030
-2026
-2060
-2122
-2215
-2345
-2488
-2621
-2768
-2909
-3070
-3244
-3444
-3672
-3921
-4172
-4427
-4664
-4913
-5126
-5284
-5388
-5446
-5429
-5391
-5296
-5133
-4968
-4816
-4664
-4541
-4429
-4341
-4262
-4197
-4156
-4087
-4024
-3940
-3864
-3770
-3645
-3517
-3368
-3198
-3006
-2798
-2578
-2376
-2171
-1950
-1694
-1430
-1147
-908
-636
-360
-48
272
593
890
1152
1448
1679
1905
2122
2343
2543
2732
2924
3103
3302
3518
3720
3942
4155
4378
4610
4821
5044
5229
5406
5539
5687
5838
5969
6101
6231
6347
6470
6581
6689
6787
6884
6979
7061
7145
7220
7285
7350
7387
7440
7473
7531
7568
7584
7593
7581
7569
7536
7523
7465
7407
7324
7223
7137
7025
6894
6735
6546
6324
6111
5906
5718
5548
5365
5173
4990
4823
4642
4452
4239
4036
3834
3613
3409
3198
2993
2784
2562
2355
2152
1937
1736
1568
1370
1163
930
664
368
43
-287
-637
-1020
-1410
-1760
-2103
-2430
-2738
-3047
-3344
-3604
-3854
-4112
-4344
-4577
-4779
-4976
-5146
-5292
-5437
-5563
-5684
-5842
-5978
-6113
-6230
-6366
-6493
-6599
-6727
-6867
-7010
-7149
-7283
-7419
-7563
-7677
-7795
-7920
-8029
-8146
-8253
-8375
-8481
-8605
-8693
-8789
-8889
-8935
-8997
-9015
-9020
-9008
-8987
-8976
-8960
-8962
-8948
-8949
-8927
-8909
-8845
-8773
-8709
-8624
-8529
-8423
-8285
-8155
-8000
-7824
-7624
-7421
-7181
-6958
-6750
-6542
-6363
-6179
-6004
-5832
-5657
-5471
-5268
-5083
-4903
-4703
-4532
-4343
-4182
-4001
-3798
-3622
-3445
-3276
-3121
-2931
-2762
-2585
-2368
-2177
-1940
-1678
-1388
-1101
-819
-518
-225
111
467
870
1250
1617
1993
2356
2729
3085
3389
3696
3958
4220
4463
4733
5007
5251
5514
5740
5973
6170
6340
6450
6532
6603
6678
6742
6802
6860
6914
6949
6993
7042
7088
7127
7178
7209
7253
7306
7338
7349
7348
7347
7342
7353
7353
7351
7345
7353
7363
7379
7367
7366
7364
7353
7316
7259
7198
7122
7063
6997
6917
6808
6674
6513
6351
6156
5967
5752
5548
5335
5111
4903
4696
4517
4338
4159
3967
3758
3561
3361
3204
3029
2866
2685
2500
2288
2069
1847
1611
1386
1156
953
741
512
280
24
-239
-485
-741
-996
-1232
-1456
-1671
-1890
-2092
-2286
-2473
-2614
-2743
-2855
-2987
-3083
-3200
-3316
-3428
-3541
-3677
-3805
-3950
-4101
-4228
-4353
-4464
-4599
-4727
-4865
-4995
-5130
-5290
-5446
-5598
-5735
-5864
-5967
-6080
-6171
-6252
-6323
-6381
-6436
-6484
-6482
-6473
-6425
-6355
-6266
-6126
-5995
-5859
-5701
-5549
-5382
-5232
-5088
-4959
-4815
-4656
-4482
-4303
-4074
-3806
-3500
-3210
-2872
-2556
-2236
-1912
-1601
-1310
-1057
-836
-641
-445
-273
-96
68
239
409
573
768
969
1173
1397
1643
1873
2110
2336
2551
2754
2954
3158
3357
3542
3699
3848
3970
4083
4176
4271
4348
4431
4525
4622
4712
4789
4862
4905
4960
5012
5077
5129
5186
5213
5228
5236
5237
5249
5240
5249
5214
5188
5173
5133
5094
5047
5008
4946
4904
4857
4809
4751
4675
4592
4518
4412
4341
4259
4174
4091
3993
3911
3834
3748
3631
3513
3360
3218
3054
2903
2753
2566
2418
2250
2091
1927
1744
1553
1371
1184
1013
852
726
590
476
390
305
243
178
116
54
-22
-138
-237
-342
-443
-560
-659
-765
-878
-990
-1144
-1320
-1501
-1744
-2007
-2326
-2673
-3036
-3381
-3726
-4059
-4345
-4594
-4800
-4942
-5056
-5092
-5140
-5151
-5106
-5036
-4961
-4894
-4799
-4747
-4703
-4647
-4641
-4611
-4574
-4556
-4525
-4489
-4460
-4421
-4380
-4365
-4310
-4266
-4211
-4147
-4089
-3994
-3894
-3764
-3628
-3447
-3268
-3062
-2850
-2629
-2398
-2172
-1958
-1739
-1526
-1324
-1137
-930
-737
-552
-337
-129
60
267
472
703
937
1140
1355
1574
1780
2013
2232
2446
2667
2881
3086
3287
3498
3692
3850
4032
4184
4334
4495
4671
4852
5012
5172
5329
5485
5643
5790
5930
6084
6240
6385
6543
6686
6823
6938
7038
7112
7176
7241
7271
7274
7252
7218
7152
7104
7045
6977
6889
6803
6727
6641
6558
6489
6401
6306
6182
6052
5892
5726
5543
5359
5192
5044
4886
4764
4614
4467
4326
4161
3999
3808
3612
3392
3165
2911
2659
2364
2056
1760
1450
1128
790
466
130
-202
-489
-816
-1091
-1380
-1658
-1947
-2198
-2454
-2668
-2888
-3087
-3278
-3458
-3639
-3819
-3980
-4159
-4348
-4531
-4722
-4904
-5081
-5251
-5387
-5516
-5658
-5803
-5965
-6139
-6312
-6483
-6661
-6827
-6978
-7176
-7348
-7495
-7669
-7825
-7968
-8109
-8223
-8336
-8430
-8535
-8617
-8720
-8840
-8980
-9100
-9222
-9355
-9466
-9562
-9648
-9713
-9775
-9790
-9776
-9742
-9671
-9573
-9467
-9338
-9203
-9062
-8911
-8777
-8645
-8515
-8366
-8198
-8042
-7856
-7679
-7502
-7331
-7156
-6978
-6831
-6683
-6546
-6393
-6257
-6086
-5916
-5739
-5564
-5408
-5226
-5092
-4932
-4765
-4579
-4368
-4129
-3861
-3562
-3253
-2915
-2579
-2229
-1862
-1494
-1107
-722
-358
37
397
781
1173
1544
1910
2271
2613
2943
3247
3566
3867
4139
4387
4592
4786
4970
5135
5304
5452
5592
5735
5864
5997
6122
6268
6394
6506
6608
6697
6794
6878
6978
7049
7144
7225
7319
7399
7469
7498
7538
7567
7624
7661
7745
7799
7870
7911
7948
7984
7986
7994
7992
7980
7955
7890
7814
7742
7631
7497
7375
7240
7109
6956
6796
6649
6509
6358
6205
6036
5855
5669
5476
5275
5072
4861
4627
4406
4164
3934
3700
3444
3204
2948
2713
2449
2211
1966
1695
1442
1176
928
654
398
165
-47
-239
-400
-550
-716
-854
-1003
-1141
-1281
-1418
-1551
-1695
-1832
-1959
-2071
-2211
-2351
-2489
-2645
-2822
-2993
-3177
-3376
-3560
-3746
-3946
-4141
-4319
-4505
-4687
-4887
-5055
-5249
-5431
-5601
-5787
-5941
-6077
-6189
-6255
-6296
-6289
-6265
-6198
-6135
-6053
-5998
-5935
-5854
-5801
-5714
-5651
-5560
-5477
-5382
-5239
-5084
-4912
-4710
-4474
-4241
-3998
-3760
-3505
-3266
-3032
-2825
-2589
-2368
-2157
-1957
-1766
-1586
-1423
-1237
-1054
-867
-692
-499
-297
-126
75
279
515
749
981
1231
1492
1725
1961
2163
2358
2543
2694
2831
2978
3079
3201
3286
3367
3445
3519
3576
3640
3714
3779
3854
3925
4010
4079
4153
4213
4249
4277
4277
4297
4327
4355
4380
4376
4387
4364
4344
4308
4259
4203
4127
4056
3976
3919
3857
3794
3748
3684
3634
3574
3526
3452
3390
3331
3261
3193
3147
3085
3024
2958
2911
2839
2736
2650
2526
2409
2265
2117
1983
1838
1719
1601
1514
1402
1340
1270
1187
1105
1016
922
817
740
655
600
548
505
486
458
449
405
364
300
198
69
-88
-266
-500
-759
-1045
-1361
-1668
-1987
-2291
-2573
-2865
-3112
-3321
-3502
-3632
-3755
-3845
-3901
-3946
-3977
-3961
-3947
-3920
-3885
-3836
-3778
-3739
-3698
-3662
-3612
-3575
-3568
-3536
-3514
-3497
-3480
-3460
-3431
-3398
-3357
-3280
-3196
-3092
-2966
-2808
-2633
-2448
-2268
-2090
-1915
-1748
-1550
-1378
-1188
-1001
-818
-626
-460
-285
-106
74
238
425
611
782
979
1161
1358
1545
1734
1917
2109
2298
2466
2647
2820
2983
3142
3307
3451
3608
3729
3858
3965
4071
4167
4273
4374
4459
4552
4619
4681
4744
4805
4875
4958
5046
5147
5229
5311
5387
5439
5468
5492
5461
5439
5386
5328
5289
5239
5195
5138
5076
5011
4936
4860
4781
4688
4588
4481
4353
4239
4125
3989
3883
3764
3640
3515
3394
3284
3177
3075
2981
2878
2769
2632
2478
2318
2150
1958
1750
1541
1307
1060
815
532
237
-79
-420
-745
-1093
-1425
-1717
-2007
-2275
-2529
-2769
-2988
-3198
-3394
-3575
-3736
-3890
-4029
-4182
-4315
-4443
-4577
-4698
-4842
-4951
-5057
-5171
-5250
-5334
-5421
-5490
-5591
-5671
-5775
-5870
-5975
-6084
-6182
-6305
-6398
-6503
-6581
-6650
-6743
-6795
-6837
-6888
-6918
-6957
-6994
-7044
-7098
-7190
-7279
-7395
-7501
-7612
-7698
-7768
-7822
-7834
-7859
-7864
-7838
-7794
-7760
-7671
-7598
-7489
-7347
-7233
-7065
-6907
-6753
-6615
-6470
-6319
-6195
-6037
-5906
-5751
-5606
-5444
-5299
-5133
-4993
-4855
-4718
-4591
-4481
-4362
-4261
-4163
-4076
-3979
-3859
-3769
-3638
-3484
-3321
-3147
-2975
-2736
-2529
-2297
-2033
-1775
-1476
-1190
-873
-579
-264
65
383
729
1081
1414
1730
2037
2307
2564
2814
3039
3263
3453
3662
3847
4030
4188
4318
4460
4563
4653
4750
4812
4901
4973
5066
5125
5204
5267
5321
5381
5449
5508
5563
5606
5632
5662
5670
5710
5704
5746
5749
5781
5814
5863
5918
5983
6029
6077
6109
6139
6153
6172
6168
6111
6090
6028
5968
5868
5776
5666
5535
5425
5303
5201
5089
4976
4867
4734
4615
4455
4309
4140
3959
3786
3611
3443
3270
3121
2953
2773
2598
2413
2190
1977
1758
1549
1329
1114
925
731
554
375
210
79
-66
-186
-331
-437
-533
-628
-709
-785
-862
-930
-981
-1042
-1113
-1185
-1270
-1387
-1488
-1594
-1682
-1780
-1886
-1978
-2080
-2174
-2286
-2383
-2515
-2656
-2802
-2965
-3130
-3297
-3465
-3623
-3772
-3891
-3999
-4069
-4148
-4180
-4207
-4226
-4224
-4222
-4183
-4172
-4141
-4109
-4082
-4037
-3988
-3920
-3846
-3756
-3661
-3543
-3421
-3282
-3127
-2982
-2817
-2661
-2502
-2329
-2149
-1969
-1762
-1587
-1392
-1235
-1071
-901
-774
-639
-492
-361
-234
-100
35
171
299
446
569
730
902
1073
1249
1435
1624
1784
1947
2095
2228
2355
2433
2532
2578
2656
2704
2755
2801
2843
2877
2905
2944
2966
2999
3028
3051
3084
3113
3159
3204
3246
3283
3318
3354
3364
3368
3352
3327
3277
3239
3187
3109
3053
2972
2902
2829
2743
2646
2551
2438
2332
2234
2146
2064
1992
1954
1907
1882
1829
1800
1776
1713
1633
1553
1469
1364
1273
1169
1074
973
899
800
715
637
545
445
355
257
134
35
-91
-187
-284
-377
-440
-498
-520
-549
-541
-523
-491
-473
-439
-436
-442
-488
-552
-653
-762
-931
-1107
-1288
-1506
-1719
-1946
-2168
-2399
-2616
-2807
-2979
-3122
-3248
-3355
-3442
-3498
-3541
-3553
-3537
-3490
-3427
-3348
-3253
-3155
-3070
-2979
-2912
-2834
-2780
-2727
-2685
-2644
-2619
-2584
-2538
-2503
-2454
-2379
-2336
-2269
-2183
-2090
-1951
-1821
-1672
-1513
-1356
-1189
-1040
-863
-697
-532
-353
-179
-11
150
341
506
668
812
974
1131
1283
1454
1613
1788
1964
2140
2300
2459
2615
2772
2913
3072
3213
3375
3530
3676
3815
3935
4051
4143
4221
4273
4331
4381
4441
4494
4563
4636
4715
4799
4894
4967
5050
5123
5186
5237
5278
5324
5358
5380
5382
5384
5373
5337
5305
5273
5226
5183
5103
5038
4969
4865
4753
4632
4494
4361
4232
4095
3965
3842
3713
3584
3450
3318
3171
3031
2895
2759
2635
2505
2384
2251
2109
1971
1826
1664
1477
1300
1080
861
615
340
53
-224
-545
-860
-1178
-1488
-1793
-2085
-2357
-2626
-2877
-3122
-3325
-3548
-3740
-3912
-4085
-4239
-4385
-4510
-4641
-4763
-4881
-4986
-5089
-5182
-5268
-5340
-5422
-5504
-5601
-5691
-5800
-5930
-6056
-6189
-6315
-6419
-6522
-6601
-6666
-6721
-6758
-6798
-6830
-6881
-6917
-6966
-7019
-7046
-7105
-7156
-7228
-7299
-7382
-7457
-7537
-7644
-7700
-7786
-7832
-7893
-7920
-7919
-7899
-7837
-7799
-7727
-7644
-7554
-7457
-7364
-7242
-7113
-6989
-6851
-6707
-6566
-6416
-6258
-6099
-5939
-5783
-5623
-5465
-5317
-5183
-5043
-4916
-4819
-4701
-4579
-4468
-4359
-4241
-4106
-3975
-3857
-3724
-3583
-3453
-3292
-3132
-2952
-2753
-2529
-2299
-2043
-1773
-1490
-1176
-875
-549
-225
91
416
735
1050
1355
1639
1929
2205
2473
2729
2974
3204
3430
3634
3812
3980
4142
4278
4409
4541
4661
4792
4916
5035
5149
5254
5345
5444
5515
5592
5652
5700
5750
5798
5833
5862
5893
5913
5922
5964
5987
6029
6079
6140
6211
6280
6340
6382
6420
6439
6435
6418
6393
6366
6324
6284
6224
6180
6107
6021
5934
5821
5709
5572
5440
5290
5137
4996
4829
4703
4554
4428
4276
4123
3969
3798
3614
3405
3189
2989
2767
2549
2323
2081
1852
1626
1389
1181
955
731
518
317
141
-36
-155
-309
-424
-522
-626
-730
-825
-930
-1041
-1154
-1284
-1397
-1523
-1620
-1744
-1848
-1949
-2044
-2135
-2253
-2345
-2458
-2566
-2705
-2845
-2982
-3157
-3327
-3512
-3693
-3870
-4019
-4180
-4314
-4430
-4541
-4650
-4714
-4825
-4903
-4961
-5030
-5062
-5088
-5119
-5115
-5093
-5069
-5039
-4986
-4923
-4849
-4756
-4655
-4547
-4438
-4306
-4159
-4037
-3867
-3722
-3550
-3386
-3212
-3021
-2830
-2643
-2440
-2253
-2075
-1900
-1724
-1575
-1424
-1281
-1133
-992
-822
-660
-492
-308
-115
64
268
474
662
870
1076
1245
1430
1601
1763
1934
2092
2233
2361
2490
2590
2668
2750
2818
2870
2914
2978
3022
3070
3136
3215
3273
3336
3407
3465
3517
3552
3601
3639
3672
3706
3730
3762
3782
3779
3791
3764
3718
3664
3572
3492
3367
3266
3168
3075
2975
2917
2839
2789
2731
2681
2648
2595
2534
2493
2409
2352
2290
2210
2132
2044
1974
1907
1836
1781
1718
1663
1591
1504
1418
1300
1202
1082
953
829
703
587
468
371
293
220
168
128
120
123
94
93
76
64
16
-52
-150
-251
-381
-535
-703
-879
-1092
-1313
-1541
-1786
-2034
-2286
-2532
-2756
-2987
-3176
-3349
-3506
-3614
-3715
-3769
-3825
-3843
-3836
-3817
-3781
-3733
-3688
-3644
-3594
-3564
-3534
-3524
-3498
-3486
-3466
-3450
-3433
-3394
-3376
-3334
-3304
-3258
-3192
-3141
-3029
-2937
-2807
-2674
-2526
-2367
-2205
-2034
-1877
-1712
-1535
-1343
-1190
-983
-797
-616
-413
-230
-40
141
328
498
662
836
1004
1175
1354
1540
1743
1933
2123
2315
2500
2677
2828
2977
3113
3255
3380
3504
3612
3700
3798
3890
3993
4091
4215
4336
4462
4570
4703
4801
4918
5018
5114
5207
5293
5403
5489
5568
5652
5724
5779
5827
5856
5862
5860
5855
5831
5785
5745
5682
5617
5540
5450
5358
5263
5165
5062
4958
4835
4724
4600
4472
4348
4232
4123
4021
3924
3827
3737
3647
3539
3424
3301
3177
3016
2849
2665
2445
2229
1975
1714
1424
1125
808
483
165
-142
-446
-753
-1061
-1359
-1655
-1971
-2251
-2523
-2803
-3031
-3270
-3467
-3646
-3805
-3945
-4073
-4189
-4316
-4450
-4565
-4697
-4842
-4982
-5129
-5281
-5443
-5590
-5760
-5913
-6064
-6213
-6344
-6499
-6612
-6732
-6823
-6913
-6989
-7049
-7133
-7188
-7266
-7345
-7431
-7508
-7604
-7679
-7774
-7870
-7977
-8057
-8148
-8227
-8286
-8348
-8373
-8390
-8383
-8393
-8357
-8339
-8302
-8249
-8218
-8155
-8079
-7977
-7877
-7758
-7625
-7464
-7355
-7196
-7060
-6912
-6779
-6621
-6480
-6346
-6194
-6059
-5918
-5789
-5657
-5529
-5385
-5278
-5134
-5019
-4904
-4774
-4660
-4533
-4388
-4244
-4091
-3907
-3710
-3511
-3287
-3040
-2792
-2542
-2263
-1982
-1685
-1397
-1083
-768
-439
-107
213
521
841
1124
1416
1684
1941
2197
2421
2673
2887
3099
3279
3472
3636
3795
3972
4134
4277
4436
4595
4724
4868
4984
5102
5191
5282
5344
5400
5451
5485
5524
5585
5629
5696
5764
5815
5884
5943
6009
6065
6119
6187
6243
6289
6371
6428
6490
6536
6574
6599
6610
6594
6563
6515
6446
6378
6301
6195
6118
6006
5913
5809
5702
5595
5467
5353
5225
5076
4934
4786
4641
4482
4317
4137
3946
3739
3524
3286
3044
2788
2542
2288
2053
1808
1585
1375
1151
987
797
641
498
348
200
62
-89
-229
-393
-529
-675
-831
-961
-1093
-1205
-1313
-1416
-1528
-1635
-1765
-1878
-2033
-2162
-2325
-2458
-2628
-2783
-2953
-3123
-3284
-3453
-3602
-3773
-3920
-4060
-4203
-4326
-4449
-4572
-4695
-4809
-4912
-5015
-5085
-5165
-5197
-5231
-5251
-5234
-5219
-5183
-5132
-5081
-5003
-4922
-4853
-4751
-4653
-4536
-4420
-4282
-4141
-3982
-3797
-3660
-3466
-3303
-3131
-2966
-2809
-2649
-2515
-2356
-2222
-2076
-1907
-1751
-1587
-1429
-1258
-1077
-914
-755
-563
-376
-185
12
225